01;윌머 플로레스;1루수;4;0.206;26;44;19;0;20
01;트렌턴 브룩스;1루수;0;0.120;1;3;3;1;4
01;테리오 에스트라다;2루수;9;0.217;47;79;43;2;10
01;브렛 와이즐리;2루수;4;0.238;31;60;25;2;13
01;맷 채프먼;3루수;27;0.247;78;142;98;15;64
01;케이스 슈미트;3루수;6;0.252;16;27;11;0;4
01;데이비드 비야;3루수;1;0.257;4;9;3;0;1
01;마이클 콘포토;우익수;20;0.237;66;104;56;0;42
01;마이크 야스트렘스키;우익수;18;0.231;57;99;60;3;38
01;헤라르 엔카나시온;우익수;5;0.248;19;28;13;1;5
01;타일러 피츠제럴드;유격수;15;0.280;34;88;53;17;22
01;도니 월턴;유격수;1;0.136;2;3;3;0;2
01;마르코 루시아노;유격수;0;0.211;3;16;10;0;5
01;라몬테 웨이드;좌익수;8;0.260;34;86;45;2;62
01;마크 칸하;좌익수;0;0.288;4;21;4;3;9
01;엘리엇 라모스;중견수;22;0.269;72;128;54;6;37
01;루이스 마토스;중견수;5;0.213;25;32;14;0;5
01;그랜트 맥크레이;중견수;5;0.202;10;25;13;5;6
01;이정후;중견수;2;0.262;8;38;15;2;10
01;패트릭 베일리;포수;8;0.234;46;94;46;4;39
01;커트 카살리;포수;1;0.194;8;21;12;0;13
01;잭슨 리츠;포수;1;0.143;1;2;1;0;1
01;톰 머피;포수;1;0.118;2;4;3;0;4
01;블레이크 사볼;포수;0;0.313;1;10;3;0;5
01;앤드류 냅;포수;0;0.167;0;1;0;0;0
02;트리스턴 캐사스;1루수;13;0.241;32;51;28;0;30
02;로미 곤살레스;2루수;6;0.266;29;53;25;11;12
02;본 그리섬;2루수;0;0.190;6;20;10;2;7
02;라파엘 데버스;3루수;28;0.272;83;143;87;3;67
02;세단 라파엘라;3루수;15;0.246;75;134;70;19;15
02;엔마누엘 발데스;3루수;6;0.214;28;43;23;1;17
02;제이미 웨스트브룩;3루수;2;0.150;7;6;4;0;4
02;바비 달벡;3루수;1;0.133;8;11;6;3;8
02;타일러 오닐;우익수;31;0.241;61;99;74;4;53
02;윌리어 어브레유;우익수;15;0.253;58;101;59;8;40
02;데이비드 헤밀튼;유격수;8;0.248;28;73;47;33;22
02;트레버 스토리;유격수;2;0.255;10;24;8;6;11
02;닉 소가드;유격수;0;0.273;8;21;13;3;7
02;롭 레프스나이더;좌익수;11;0.283;40;77;32;2;28
02;요시다 마사타카;좌익수;10;0.280;56;106;45;2;27
02;재런 듀란;중견수;21;0.285;75;191;111;34;54
02;코너 웡;포수;13;0.280;52;125;54;8;28
02;대니 잰슨;포수;9;0.205;24;57;35;0;40
02;리즈 맥과이어;포수;3;0.209;18;29;10;3;13
02;미키 가스퍼;포수;0;0.000;0;0;1;0;4
03;후안 예페즈;1루수;6;0.283;26;64;32;2;18
03;안드레스 차파로;1루수;4;0.215;15;26;12;1;7
03;조이 메네시스;1루수;3;0.231;42;65;19;2;21
03;루이스 가르시아;2루수;18;0.282;70;141;58;22;27
03;일데마로 바르가스;2루수;1;0.246;30;67;21;9;19
03;대런 베이커;2루수;0;0.500;0;7;1;0;0
03;트레이 립스콤;3루수;1;0.200;10;38;20;11;16
03;딜런 크루스;우익수;3;0.218;8;26;12;12;11
03;CJ 에이브람스;유격수;20;0.246;65;133;79;31;40
03;호세 테나;유격수;3;0.274;15;43;14;6;7
03;나심 누네스;유격수;0;0.246;1;15;14;8;12
03;조이 갈로;좌익수;10;0.161;27;36;24;3;32
03;제임스 우드;좌익수;9;0.264;41;78;43;14;39
03;제이콥 영;좌익수;3;0.256;36;120;75;33;30
03;스톤 개릿;좌익수;1;0.600;3;3;2;0;1
03;트래비스 블랭켄혼;좌익수;0;0.129;5;4;2;0;1
03;알렉스 콜;중견수;3;0.343;14;34;15;5;12
03;케이버트 루이즈;포수;13;0.229;57;105;46;3;16
03;라일리 애덤스;포수;2;0.224;8;26;10;1;10
03;드류 밀라스;포수;1;0.246;1;14;7;4;5
04;앤소니 리조;1루수;8;0.228;35;77;38;0;27
04;디제이 르메휴;2루수;2;0.204;26;41;19;0;19
04;오스왈도 카브레라;3루수;8;0.247;36;74;47;4;21
04;존 버티;3루수;1;0.273;6;18;10;5;6
04;애런 저지;우익수;58;0.322;144;180;122;10;133
04;지안카를로 스탠튼;우익수;27;0.233;72;97;49;0;38
04;글레이버 토레스;유격수;15;0.257;63;151;80;4;65
04;앤서니 볼피;유격수;12;0.243;60;155;90;28;42
04;오스왈드 페라자;유격수;1;0.200;1;2;2;0;1
04;후안 소토;좌익수;41;0.288;109;166;128;7;129
04;테일러 트람멜;좌익수;0;1.000;0;1;2;0;1
04;알렉스 버두고;중견수;13;0.233;61;130;74;2;49
04;재즈 치좀;중견수;11;0.273;23;48;28;18;14
04;트렌트 그리샴;중견수;9;0.190;31;34;21;1;22
04;제이슨 도밍게스;중견수;2;0.179;4;10;8;5;11
04;자마이 존스;중견수;1;0.238;4;10;8;1;2
04;듀크 엘리스;중견수;0;0.200;0;1;1;5;0
04;오스틴 웰스;포수;13;0.229;55;81;42;1;47
04;호세 트레비노;포수;8;0.215;28;45;26;1;20
04;벤 라이스;포수;7;0.171;23;26;20;0;20
04;나르베즈;포수;0;0.231;0;3;0;0;2
05;놀란 샤뉴엘;1루수;13;0.250;54;130;62;10;68
05;니코 카바다스;1루수;4;0.183;8;17;11;1;11
05;에릭 와가먼;1루수;2;0.250;10;18;6;0;2
05;잭 로페즈;2루수;1;0.254;6;17;4;0;2
05;마이클 스테파닉;2루수;0;0.218;8;24;8;0;10
05;케스톤 히우라;2루수;0;0.148;1;4;1;0;0
05;브랜든 드루리;3루수;4;0.169;15;55;28;1;27
05;미구엘 사노;3루수;2;0.205;6;17;9;0;9
05;에이르 아드리안자;3루수;1;0.192;2;5;4;0;2
05;앤서니 렌던;3루수;0;0.218;14;45;21;6;23
05;테일러 워드;우익수;25;0.246;75;144;73;6;63
05;잭 네토;유격수;23;0.249;77;135;70;30;39
05;루이스 렌히포;유격수;6;0.300;30;85;41;24;16
05;찰스 르블랑;유격수;2;0.190;6;4;6;0;7
05;키렌 패리스;유격수;1;0.118;5;6;4;1;7
05;콜 터커;유격수;0;0.180;3;9;3;3;6
05;조 아델;좌익수;20;0.207;62;84;54;15;35
05;윌리 칼혼;좌익수;5;0.245;20;56;26;0;23
05;구스타보 캄페로;좌익수;1;0.239;6;11;6;3;0
05;미키 모니악;중견수;14;0.219;49;86;48;8;21
05;마이크 트라웃;중견수;10;0.220;14;24;17;6;16
05;케빈 필라;중견수;8;0.229;45;65;38;12;16
05;조딘 아담스;중견수;1;0.229;4;8;4;2;3
05;애런 힉스;중견수;1;0.140;5;8;6;0;6
05;브라이스 테오도시오;중견수;0;0.083;0;1;1;0;0
05;로건 오하피;포수;20;0.244;56;117;64;2;33
05;맷 타이스;포수;2;0.204;16;32;14;3;28
06;블라디미르 게레로 주니어;1루수;30;0.323;103;199;98;2;72
06;스펜서 호위츠;1루수;12;0.265;40;87;46;0;42
06;어니 클레멘트;3루수;12;0.263;51;114;48;12;11
06;애디슨 바거;3루수;7;0.197;28;41;20;2;14
06;윌 와그너;3루수;2;0.305;11;25;8;0;4
06;루이스 데 로스 산토스;3루수;0;0.172;1;5;2;0;2
06;조지 스프링어;우익수;19;0.220;56;120;74;16;60
06;스튜어드 베로아;우익수;0;0.189;1;7;7;6;8
06;레오나르도 히메네즈;유격수;4;0.229;19;41;18;0;12
06;보 비셋;유격수;4;0.225;31;70;29;5;20
06;올레비스 마릇티;유격수;0;0.333;0;1;0;0;0
06;데이비스 슈나이더;좌익수;13;0.191;46;76;48;6;47
06;조나탄 클라세;좌익수;1;0.246;5;15;7;3;3
06;달튼 바쇼;중견수;18;0.214;58;98;73;10;48
06;조이 로퍼피도;중견수;4;0.214;25;52;24;4;13
06;나단 룩스;중견수;1;0.303;10;23;13;1;10
06;다니엘 보글백;지명타자;1;0.186;8;13;5;0;9
06;알레한드로 커크;포수;5;0.253;54;86;23;0;35
06;브라이언 서번;포수;0;0.159;3;10;6;0;5
06;타일러 하이네만;포수;0;0.083;0;1;2;0;3
07;마이클 토글리아;1루수;25;0.218;55;87;62;10;54
07;아다엘 아마도르;2루수;0;0.171;0;6;1;1;1
07;라이언 맥먼;3루수;20;0.242;65;137;68;4;69
07;엘레후리스 몬테로;3루수;4;0.205;28;46;23;0;20
07;놀란 존스;3루수;3;0.227;28;58;28;5;36
07;아론 슝크;3루수;2;0.234;7;22;14;0;4
07;크리스 브라이언트;3루수;2;0.218;15;29;9;0;13
07;헌터 굿맨;우익수;13;0.190;36;40;24;1;8
07;찰리 블랙몬;우익수;12;0.256;52;115;59;6;43
07;에즈키엘 토바;유격수;26;0.269;78;176;83;6;23
07;브랜든 로저스;유격수;13;0.267;54;134;67;1;31
07;그레그 존스;유격수;1;0.200;1;1;1;0;1
07;샘 힐리아드;좌익수;10;0.239;27;33;26;5;14
07;제이크 케이브;좌익수;7;0.251;37;81;42;5;18
07;조던 벡;좌익수;3;0.188;13;32;14;7;12
07;션 보차드;좌익수;1;0.187;8;17;14;4;12
07;브렌튼 도일;중견수;23;0.260;72;141;82;30;46
07;제이콥 스탈링스;포수;9;0.263;36;64;31;0;27
07;드류 로모;포수;0;0.176;6;9;4;0;2
08;크리스티안 워커;1루수;26;0.251;84;120;72;2;55
08;조쉬 벨;1루수;19;0.249;71;134;62;0;51
08;파빈 스미스;1루수;9;0.270;36;37;26;1;18
08;루이스 기요르메;2루수;0;0.231;3;24;6;1;11
08;제이스 피터슨;2루수;0;0.045;1;1;2;0;3
08;에우제니오 수아레즈;3루수;30;0.256;101;146;90;2;49
08;케빈 뉴먼;유격수;3;0.278;28;80;41;8;15
08;제랄도 페도모;유격수;3;0.273;37;92;61;9;36
08;블레이즈 알렉산더;유격수;3;0.247;21;41;19;3;15
08;작 피더슨;좌익수;23;0.275;64;101;62;7;55
08;루어데스 구리엘;좌익수;18;0.279;75;143;72;7;29
08;케텔 마르테;중견수;36;0.292;95;147;93;7;65
08;코빈 캐롤;중견수;22;0.231;74;136;121;35;73
08;랜달 그리칙;중견수;12;0.291;46;74;40;0;20
08;제이크 맥카시;중견수;8;0.285;56;126;66;25;31
08;알렉 토마스;중견수;3;0.189;17;18;13;4;7
08;호르헤 바로사;중견수;0;0.176;1;3;3;1;0
08;가브리엘 모레노;포수;5;0.266;45;81;39;3;41
08;아드리안 델 카스티요;포수;4;0.313;19;25;12;1;7
08;호세 에레라;포수;1;0.227;13;22;11;0;9
08;앤드류 키즈너;포수;1;0.167;9;15;5;0;1
09;루이스 우리아스;2루수;4;0.191;16;18;11;0;9
09;라이언 블리스;2루수;2;0.222;9;14;10;5;5
09;사마드 테일러;2루수;0;0.400;0;2;2;0;0
09;조슈아 로하스;3루수;8;0.225;31;95;48;10;46
09;타일러 로클리어;3루수;2;0.156;3;7;3;1;3
09;제이슨 보슬러;3루수;0;0.179;3;5;2;0;2
09;미치 해니거;우익수;12;0.208;44;79;42;0;40
09;도미닉 칸조네;우익수;8;0.196;17;33;20;1;18
09;호르헤 폴랑코;유격수;16;0.213;45;89;43;4;46
09;딜런 무어;유격수;10;0.201;42;74;53;32;53
09;J.P. 크로포드;유격수;9;0.202;37;79;55;5;52
09;레오나르도 리바스;유격수;0;0.233;8;17;10;3;10
09;랜디 아로자레나;좌익수;20;0.219;60;120;77;20;73
09;케이드 말로;좌익수;0;0.250;0;2;1;0;1
09;샘 해거티;좌익수;0;0.067;1;1;1;1;1
09;루크 레일리;중견수;22;0.243;58;98;58;11;27
09;훌리오 로드리게스;중견수;20;0.273;68;155;76;24;38
09;빅토르 로블레스;중견수;4;0.328;26;75;41;30;16
09;저스틴 터너;지명타자;11;0.259;55;119;59;0;59
09;칼 롤리;포수;34;0.220;100;120;73;6;70
09;미치 가버;포수;15;0.172;51;63;37;0;53
09;세비 사발라;포수;1;0.154;2;6;4;0;3
10;카를로스 산타나;1루수;23;0.238;71;124;63;4;65
10;에두아르드 줄리엔;2루수;8;0.199;21;53;36;6;33
10;카일 팔머;2루수;5;0.214;25;46;26;3;19
10;오스틴 마틴;2루수;1;0.253;16;59;41;7;20
10;마이클 헬먼;2루수;0;0.300;0;3;2;0;0
10;호세 미란다;3루수;9;0.284;49;114;44;2;18
10;디에고 카스티요;3루수;0;0.333;2;2;3;0;2
10;트레버 라나크;우익수;15;0.259;52;92;59;4;40
10;맷 월너;우익수;13;0.259;37;57;26;3;24
10;막스 케플러;우익수;8;0.253;42;93;43;1;22
10;알렉스 키릴로프;우익수;5;0.201;20;32;20;0;15
10;로이스 루이스;유격수;16;0.233;47;68;40;0;28
10;카를로스 코레아;유격수;14;0.310;54;99;55;0;40
10;윌리 카스트로;유격수;12;0.247;60;138;89;14;51
10;브룩스 리;유격수;3;0.221;27;38;9;3;11
10;바이런 벅스턴;중견수;18;0.279;56;99;62;7;20
10;매뉴얼 마르고;중견수;4;0.238;31;75;37;5;21
10;다스완 커시 주니어;중견수;1;0.154;1;2;1;0;0
10;라이언 제퍼스;포수;21;0.226;64;93;56;3;32
10;크리스티안 바스케스;포수;7;0.221;27;65;29;3;11
10;자이르 카마르고;포수;0;0.000;0;0;1;0;1
11;스펜서 토켈슨;1루수;10;0.219;37;75;45;0;33
11;앤디 이바네즈;2루수;5;0.241;32;54;30;2;15
11;잭 맥킨스트리;2루수;4;0.215;23;64;32;16;24
11;콜트 키스;3루수;13;0.260;61;134;54;7;36
11;저스틴-헨리 말로이;3루수;8;0.203;21;41;18;1;23
11;제이스 영;3루수;0;0.241;3;19;14;0;15
11;케리 카펜터;우익수;18;0.284;57;75;37;0;22
11;웬시얼 페레즈;우익수;9;0.242;37;94;51;9;32
11;블라이 마드리스;우익수;1;0.269;5;18;8;0;6
11;하비에르 바에즈;유격수;6;0.184;37;50;25;8;12
11;트레이 스위니;유격수;4;0.218;17;24;11;2;7
11;라이언 크라이들러;유격수;1;0.119;2;7;9;5;6
11;맷 비어링;좌익수;16;0.257;57;133;80;6;41
11;아킬 배두;좌익수;2;0.137;5;10;7;1;8
11;라이언 빌라드;좌익수;1;0.178;5;8;5;0;2
11;라일리 그린;중견수;24;0.262;74;134;82;4;64
11;파커 미도우즈;중견수;9;0.244;28;66;39;9;25
11;제이크 로저스;포수;10;0.197;36;61;43;1;22
11;토마스 니도;포수;4;0.192;12;25;14;0;5
11;딜런 딩글러;포수;1;0.167;11;14;2;0;3
12;리스 호스킨스;1루수;26;0.214;82;96;59;3;53
12;제이크 바우어스;1루수;12;0.199;43;60;45;13;39
12;타일러 블랙;1루수;0;0.204;2;10;4;3;7
12;브라이스 투랑;2루수;7;0.254;57;142;72;50;50
12;올리버 던;3루수;1;0.221;7;21;11;3;6
12;비니 카프라;3루수;0;0.111;0;1;1;0;0
12;잭슨 추리오;우익수;21;0.275;79;145;80;22;39
12;크리스티안 옐리치;우익수;11;0.315;42;85;44;21;40
12;살 프렐릭;우익수;2;0.259;32;123;66;18;39
12;윌리 아다메스;유격수;32;0.251;112;153;93;21;74
12;조셉 오티즈;유격수;11;0.239;60;105;58;11;56
12;앤드루 모나스테리오;유격수;1;0.208;16;26;14;6;16
12;오웬 밀러;유격수;0;0.185;3;5;2;0;0
12;개럿 미첼;좌익수;8;0.255;21;50;33;11;25
12;이삭 콜린스;좌익수;0;0.118;0;2;0;1;2
12;브루어 히클렌;좌익수;0;0.000;0;0;0;1;0
12;블레이크 퍼킨스;중견수;6;0.240;43;92;54;23;42
12;롤러;중견수;0;0.000;0;0;0;0;0
12;윌리엄 콘트레라스;포수;23;0.281;92;167;99;9;78
12;게리 산체스;포수;11;0.220;37;54;30;0;27
12;에릭 하스;포수;5;0.273;14;18;10;0;3
13;마이클 부시;1루수;21;0.248;65;123;73;2;63
13;맷 메비스;1루수;0;0.115;3;3;1;0;1
13;닉 매드리갈;2루수;0;0.221;10;19;5;1;4
13;마일스 매스트로보니;2루수;0;0.194;4;19;9;2;7
13;패트릭 위즈덤;3루수;8;0.171;23;27;16;5;10
13;아이작 파레데스;3루수;3;0.223;25;40;23;1;24
13;데이비드 보트;3루수;0;0.304;6;14;4;0;2
13;케빈 알칸타라;우익수;0;0.100;0;1;1;0;0
13;댄스비 스완슨;유격수;16;0.242;66;129;82;19;54
13;니코 호너;유격수;7;0.273;48;159;86;31;44
13;루이스 바스케스;유격수;0;0.083;1;1;2;0;0
13;스즈키 세이야;좌익수;21;0.283;73;145;74;16;63
13;마이크 터크먼;좌익수;7;0.248;29;74;50;6;47
13;알렉산더 카나리오;좌익수;1;0.280;2;7;4;1;2
13;이안 햅;중견수;25;0.243;86;138;89;13;80
13;코디 벨린저;중견수;18;0.266;78;137;72;9;45
13;피트 크로우-암스트롱;중견수;10;0.237;47;88;46;27;21
13;미구엘 아마야;포수;8;0.232;47;76;32;0;23
13;크리스티안 베탄코트;포수;5;0.209;22;29;18;3;5
13;얀 곰스;포수;2;0.154;7;14;7;0;2
14;맷 올슨;1루수;29;0.247;98;148;78;0;71
14;아지 알비스;2루수;10;0.251;53;100;52;8;27
14;휘트 메리필드;2루수;4;0.222;15;65;44;17;35
14;캐번 비지오;2루수;3;0.192;10;15;12;0;10
14;데이비드 플레처;2루수;0;0.250;2;2;0;0;0
14;조이 웬들;2루수;0;0.222;1;8;3;1;1
14;나초 알바레즈;2루수;0;0.100;0;3;1;0;0
14;오스틴 라일리;3루수;19;0.256;56;109;63;0;37
14;지오바니 어셸라;3루수;4;0.265;15;35;9;0;4
14;루크 윌리엄스;3루수;0;0.196;4;9;8;3;4
14;브라이언 앤더슨;3루수;0;0.000;0;0;0;0;0
14;호르헤 솔레어;우익수;21;0.241;64;119;84;1;68
14;로날드 아쿠나;우익수;4;0.250;15;48;38;16;27
14;해롤드 라미레스;우익수;1;0.243;16;18;7;1;2
14;올란도 아르시아;유격수;17;0.218;46;120;50;2;41
14;잭 쇼트;유격수;0;0.000;0;0;0;0;0
14;마르셀 오즈나;좌익수;39;0.302;104;183;96;1;74
14;아담 듀발;좌익수;11;0.182;30;55;29;0;21
14;엘리 화이트;좌익수;1;0.282;4;11;9;3;1
14;마이클 해리스;중견수;16;0.264;48;116;58;10;23
14;제러드 켈닉;중견수;15;0.231;45;95;49;7;32
14;라몬 로리아노;중견수;10;0.296;29;64;28;5;8
14;훌리오 파블로 마르티네즈;중견수;0;0.200;0;2;2;1;0
14;트래비스 다노;포수;15;0.238;48;73;40;1;24
14;션 머피;포수;10;0.193;25;45;19;0;27
14;채드윅 트롬프;포수;0;0.250;6;13;3;0;1
