999;137;96;99
999;149;106;81
999;132;113;92
999;153;96;94
999;135;105;100
999;135;97;115
999;159;96;91
999;142;106;103
999;147;99;102
999;163;100;78
999;135;103;101
999;143;121;77
999;148;110;83
999;135;105;100
300;10;6;14
300;10;13;7
300;15;10;5
300;10;12;8
300;10;9;11
300;12;6;12
300;10;8;12
300;15;9;6
300;15;9;6
300;10;12;8
300;10;10;10
300;13;10;7
300;7;17;6
300;14;10;6
100;고;79
100;고;78
100;고;77
100;고;76
100;저;74
100;고;73
100;저;71
100;저;70
100;고;69
100;고;68
100;중;67
100;고;66
100;중;65
100;저;64
