999;120;93;119
999;130;88;118
999;119;87;131
999;141;85;117
999;127;102;111
999;124;112;111
999;111;89;146
999;122;102;127
999;127;88;133
999;118;95;128
999;128;102;109
999;128;95;118
999;132;89;120
999;129;98;113
300;7;11;12
300;14;9;7
300;9;4;17
300;16;7;7
300;7;11;12
300;8;12;10
300;8;12;10
300;12;6;12
300;8;5;17
300;8;15;7
300;7;11;12
300;12;9;9
300;10;14;6
300;10;6;14
100;패;79
100;승;78
100;승;77
100;패;76
100;패;74
100;승;73
100;1;71
100;패;70
100;패;69
100;승;68
100;1;67
100;패;66
100;승;65
100;패;64
