01;폴 골드슈미트;1루수;22;0.245;65;147;70;11;47
01;루켄 베이커;1루수;2;0.175;10;7;3;1;7
01;놀란 고먼;2루수;19;0.203;50;74;42;6;34
01;호세 페르민;2루수;0;0.155;4;11;7;2;7
01;놀란 아레나도;3루수;16;0.272;71;157;70;2;44
01;맷 카펜터;3루수;4;0.234;15;32;15;0;15
01;알렉 벌레슨;우익수;21;0.269;78;147;71;9;35
01;라스 눗바;우익수;12;0.244;45;85;39;7;52
01;조던 워커;우익수;5;0.201;20;33;16;1;10
01;메이신 윈;유격수;15;0.267;57;157;85;11;41
01;토마스 수제이시;유격수;1;0.204;4;10;5;0;2
01;브랜든 크로포드;유격수;1;0.169;4;12;5;0;8
01;브렌단 도노반;좌익수;14;0.278;73;163;65;5;47
01;마이크 시아니;중견수;2;0.228;20;68;42;20;21
01;빅터 스캇 2세;중견수;2;0.179;10;26;14;5;6
01;윌슨 콘트레라스;포수;15;0.262;36;79;48;4;45
01;페드로 파헤스;포수;7;0.238;27;48;19;2;13
01;이반 에레라;포수;5;0.301;27;69;37;5;25
02;얀디 디아즈;1루수;14;0.281;65;158;55;0;50
02;오스틴 센턴;1루수;1;0.214;3;9;3;0;8
02;브랜든 로우;2루수;21;0.244;58;94;56;5;33
02;조나단 아란다;2루수;6;0.234;14;30;22;0;12
02;호세 카바예로;3루수;9;0.227;44;100;53;44;27
02;주니어 카미네로;3루수;6;0.248;18;41;15;2;11
02;크리스토퍼 모렐;3루수;3;0.191;9;33;13;1;14
02;커티스 미드;3루수;1;0.238;7;29;10;2;6
02;조쉬 로우;우익수;10;0.241;34;85;37;25;32
02;조니 데루카;우익수;6;0.217;31;72;29;16;24
02;딜런 칼슨;우익수;3;0.219;14;25;7;2;10
02;테일러 월스;유격수;1;0.183;14;40;27;16;31
02;리치 팔라시오스;좌익수;5;0.223;21;59;46;19;45
02;호세 시리;중견수;18;0.187;47;75;50;14;31
02;카메론 미스너;중견수;0;0.067;0;1;0;0;0
02;벤 로트버트;포수;3;0.228;31;66;27;1;34
02;알렉스 잭슨;포수;3;0.122;12;17;17;1;12
02;레네 핀토;포수;2;0.214;6;9;5;0;4
02;로건 드리스콜;포수;1;0.171;5;6;2;0;1
02;롭 브랜틀리;포수;0;0.111;0;1;0;0;0
03;코디 클레멘스;1루수;5;0.219;18;25;17;0;5
03;버디 케네디;2루수;0;0.182;2;2;1;0;2
03;알렉 봄;3루수;15;0.280;97;155;62;5;40
03;웨스턴 윌슨;3루수;3;0.284;10;25;13;3;8
03;브라이스 하퍼;우익수;30;0.285;87;157;85;7;76
03;닉 카스테야노스;우익수;23;0.254;86;154;80;6;41
03;브랜든 마쉬;우익수;16;0.249;60;104;55;19;50
03;트레이 터너;유격수;21;0.295;62;149;88;19;27
03;브라이슨 스탓;유격수;11;0.245;57;124;65;32;53
03;에드문도 소사;유격수;7;0.257;31;64;39;7;13
03;카일 슈와버;좌익수;38;0.248;104;142;110;5;106
03;데이비드 달;좌익수;3;0.207;8;12;6;0;3
03;요한 로하스;중견수;3;0.243;32;82;47;25;13
03;오스틴 헤이즈;중견수;2;0.256;6;20;8;2;0
03;칼 스티븐슨;중견수;0;0.250;6;6;2;0;3
03;라이언 매케나;중견수;0;0.000;0;0;1;1;0
03;J.T. 리얼무토;포수;14;0.266;47;101;50;2;27
03;라파엘 마르첸;포수;3;0.294;6;15;8;0;3
03;개릿 스텁스;포수;1;0.207;11;34;18;5;17
03;아라미스 가르시아;포수;0;0.000;0;0;0;0;0
04;로우디 텔레즈;1루수;13;0.243;56;93;38;1;31
04;빌리 쿡;1루수;3;0.224;8;11;5;1;0
04;닉 곤잘레스;2루수;7;0.270;49;97;42;5;18
04;닉 요크;2루수;2;0.216;5;8;4;2;4
04;자레드 트리올로;3루수;9;0.216;46;85;41;8;42
04;케브라이언 헤이즈;3루수;4;0.233;25;85;38;11;23
04;브라이언 데 라 크루즈;우익수;21;0.233;68;136;61;5;29
04;잭 스윈스키;우익수;9;0.182;26;45;29;9;27
04;빌리 맥킨니;우익수;0;0.200;2;5;4;0;2
04;오네일 크루즈;유격수;21;0.259;76;140;72;22;51
04;아이재아 카이너-팔레파;유격수;1;0.240;10;50;21;8;3
04;알리카 윌리엄스;유격수;0;0.207;5;18;13;1;3
04;리오베르 피게로;유격수;0;0.200;2;2;0;0;0
04;코너 조;좌익수;9;0.228;36;83;49;2;44
04;브라이언 레이놀즈;중견수;24;0.275;88;171;73;10;57
04;앤드류 멕커친;중견수;20;0.232;50;104;66;3;58
04;에드워드 올리바레스;중견수;5;0.224;23;39;22;1;16
04;마이클 테일러;중견수;5;0.193;21;52;35;12;23
04;조쉬 팔라시오스;중견수;2;0.224;9;15;10;1;10
04;배지환;중견수;0;0.189;6;14;11;6;6
04;조이 바트;포수;13;0.265;45;67;38;0;22
04;야스마니 그랜달;포수;9;0.228;27;49;26;1;24
04;헨리 데이비스;포수;1;0.144;5;15;9;0;13
04;잭슨 딜레이;포수;0;0.200;6;3;1;0;3
04;그랜트 쿡;포수;0;0.000;0;0;1;0;1
05;네이트 로우;1루수;16;0.265;69;129;62;2;71
05;조나단 오넬라스;2루수;0;0.216;3;8;1;0;2
05;저스틴 포스큐;2루수;0;0.048;1;2;3;0;2
05;조시 영;3루수;7;0.264;16;47;19;4;8
05;에즈키엘 듀란;3루수;3;0.246;20;66;26;1;14
05;맷 더피;3루수;0;0.286;0;2;2;0;2
05;아돌리스 가르시아;우익수;25;0.224;85;130;68;11;45
05;산드로 파비안;우익수;0;0.000;0;0;0;0;0
05;코리 시거;유격수;30;0.278;74;132;68;1;53
05;마커스 세미엔;유격수;23;0.237;74;154;101;8;64
05;조쉬 스미스;유격수;13;0.258;62;135;67;11;46
05;와이어트 랭포드;좌익수;16;0.253;74;126;74;19;51
05;에반 카터;좌익수;5;0.188;15;27;23;2;15
05;더스틴 해리스;좌익수;1;0.333;3;2;1;0;1
05;레오디 타베라스;중견수;12;0.229;44;110;59;23;42
05;트래비스 얀카우스키;중견수;1;0.200;12;38;19;11;12
05;요나 하임;포수;13;0.220;59;101;45;1;26
05;카슨 켈리;포수;9;0.238;37;67;32;0;25
05;샘 허프;포수;0;0.000;0;0;0;0;1
06;코너 노르비;2루수;7;0.247;17;36;29;3;15
06;오토 로페즈;2루수;6;0.270;39;109;49;20;25
06;비달 브루한;2루수;2;0.222;16;55;32;5;25
06;제이크 버거;3루수;29;0.250;76;134;68;1;31
06;조나 브라이드;3루수;11;0.276;39;64;30;0;30
06;그레이엄 폴리;3루수;2;0.125;5;4;4;0;0
06;그리핀 코나인;우익수;3;0.268;12;22;14;0;6
06;아비사일 가르시아;우익수;2;0.240;2;12;4;0;1
06;사비에르 에드워즈;유격수;1;0.328;26;87;39;31;33
06;데이비드 헨슬리;유격수;1;0.212;4;11;9;1;6
06;호세 데버스;유격수;0;0.250;0;1;1;0;0
06;하비에르 사노하;유격수;0;0.229;2;8;3;0;1
06;팀 앤더슨;유격수;0;0.214;9;50;16;4;7
06;헤수스 산체스;좌익수;18;0.252;64;123;60;16;41
06;닉 고든;좌익수;8;0.227;32;59;29;5;11
06;데인 마이어스;좌익수;3;0.263;19;25;17;4;8
06;카일 스타워스;좌익수;2;0.186;15;29;12;0;13
06;데릭 힐;중견수;4;0.235;20;28;14;4;3
06;크리스티안 파체;중견수;0;1.000;0;1;0;0;0
06;닉 포르테;포수;4;0.227;29;70;28;0;11
06;조니 페레다;포수;0;0.231;4;9;2;0;0
06;알리 산체스;포수;0;0.167;4;14;5;2;4
07;프레디 프리먼;1루수;22;0.282;89;153;81;9;78
07;키케 에르난데스;2루수;12;0.229;42;83;44;0;27
07;가빈 럭스;2루수;10;0.251;50;110;59;5;44
07;토미 에드먼;2루수;6;0.237;20;33;20;6;11
07;맥스 먼시;3루수;15;0.232;48;55;47;1;45
07;무키 베츠;우익수;19;0.289;75;130;75;16;61
07;미겔 로하스;유격수;6;0.283;36;87;41;8;23
07;크리스 테일러;유격수;4;0.202;23;43;28;5;28
07;알렌 트레이호;유격수;0;0.143;1;9;4;0;2
07;테오스카 에르난데스;좌익수;33;0.272;99;160;84;12;53
07;앤디 파헤스;중견수;13;0.248;46;100;65;1;29
07;제임스 아웃맨;중견수;4;0.147;11;20;12;2;16
07;케빈 키어마이어;중견수;1;0.203;8;12;7;1;2
07;오타니 쇼헤이;지명타자;54;0.310;130;197;134;59;81
07;윌 스미스;포수;20;0.248;75;118;77;1;51
07;오스틴 반스;포수;1;0.264;11;37;12;3;14
07;페두시아 헌터;포수;0;0.333;1;4;2;0;2
08;제이크 크로넨워스;2루수;17;0.241;83;139;72;5;61
08;김하성;2루수;11;0.233;47;94;60;22;58
08;루이스 아라에즈;2루수;4;0.314;46;200;83;9;24
08;매튜 배튼;2루수;0;0.333;0;1;0;0;0
08;타일러 웨이드;2루수;0;0.217;8;30;28;8;11
08;매니 마차도;3루수;29;0.275;105;163;77;11;45
08;페르난도 타티스 주니어;우익수;21;0.276;49;110;64;11;32
08;쥬릭슨 프로파;유격수;24;0.280;85;158;94;10;76
08;잰더 보가츠;유격수;11;0.264;44;113;50;13;28
08;도노반 솔라노;유격수;8;0.286;35;81;31;2;22
08;에가이 로사리오;유격수;3;0.245;6;13;5;0;2
08;닉 아메드;유격수;2;0.229;17;48;20;2;11
08;메이슨 맥코이;유격수;0;0.204;3;10;7;1;5
08;데이비드 페랄타;좌익수;8;0.267;28;63;35;2;22
08;잭슨 메릴;중견수;24;0.292;90;162;77;16;29
08;브랜든 로크리지;중견수;1;0.167;1;2;4;2;0
08;브라이스 존슨;중견수;0;0.206;4;13;9;1;7
08;카일 히가시오카;포수;17;0.220;45;54;29;2;15
08;루이스 캄푸사노;포수;8;0.227;40;63;37;0;20
08;엘리아스 디아즈;포수;6;0.265;39;86;27;0;20
08;브렛 설리반;포수;1;0.188;2;3;1;0;1
09;세스 브라운;1루수;14;0.231;44;86;32;4;25
09;테일러 네빈;1루수;7;0.204;20;50;22;1;25
09;라이언 노다;1루수;1;0.137;4;13;8;0;14
09;잭 겔로프;2루수;17;0.211;49;105;60;25;38
09;아브라함 토로;3루수;6;0.240;26;81;34;4;20
09;브렛 해리스;3루수;3;0.146;12;15;15;0;17
09;아르만도 알바레즈;3루수;0;0.243;2;9;7;1;2
09;트리스탄 그래이;3루수;0;0.143;0;3;0;0;3
09;CJ 알렉산더;3루수;0;0.125;0;1;0;0;0
09;로렌스 버틀러;우익수;22;0.262;57;108;63;18;35
09;다즈 카메론;우익수;5;0.200;15;34;22;5;13
09;막스 슈만;유격수;7;0.220;34;87;55;14;47
09;대렐 에르나이즈;유격수;1;0.192;12;23;8;1;11
09;닉 앨런;유격수;1;0.175;4;17;6;0;5
09;제이콥 윌슨;유격수;0;0.250;3;23;11;0;8
09;브렌드 루커;좌익수;39;0.293;112;160;82;11;59
09;미구엘 안두하;좌익수;4;0.285;30;86;31;3;13
09;J.J. 블레데이;중견수;20;0.243;60;139;74;2;67
09;에스테우리 루이스;중견수;2;0.200;8;11;10;5;4
09;시어 랭겔리어스;포수;29;0.224;80;108;58;4;41
09;타일러 소더스트롬;포수;9;0.233;26;44;18;0;20
09;카일 맥켄;포수;5;0.236;15;33;13;0;16
10;라이언 오헌;1루수;15;0.264;59;117;60;3;46
10;라이언 마운트캐슬;1루수;13;0.271;63;128;54;3;27
10;개럿 쿠퍼;1루수;0;0.171;5;12;3;0;3
10;잭슨 홀리데이;2루수;5;0.189;23;36;28;4;15
10;니코 구드럼;2루수;0;0.103;0;3;2;1;3
10;엠마누엘 리베라;3루수;4;0.313;14;20;9;0;6
10;J.D. 데이비스;3루수;4;0.218;6;31;13;0;12
10;코비 메이요;3루수;0;0.098;0;4;4;0;4
10;앤서니 산탄데르;우익수;44;0.235;102;140;91;2;58
10;거너 헨더슨;유격수;37;0.281;92;177;118;21;78
10;조던 웨스트버그;유격수;18;0.264;63;110;57;6;22
10;라몬 우리아스;유격수;11;0.254;37;69;39;1;23
10;호르헤 마테오;유격수;5;0.229;18;44;30;13;10
10;리반 소토;유격수;0;0.300;0;3;1;0;3
10;닉 메이튼;유격수;0;0.000;0;0;0;0;0
10;콜튼 카우저;좌익수;24;0.242;69;121;77;9;52
10;엘로이 히메네즈;좌익수;6;0.238;23;77;25;3;22
10;헤스턴 커스태드;좌익수;4;0.253;14;25;8;1;10
10;오스틴 슬래이터;좌익수;1;0.246;6;17;10;1;8
10;포레스트 월;좌익수;0;0.250;1;8;4;4;3
10;세드릭 멀린스;중견수;18;0.234;54;104;69;32;41
10;다니엘 존슨;중견수;0;0.000;0;0;1;0;0
10;애들리 러치맨;포수;19;0.250;79;143;68;1;58
10;제임스 맥캔;포수;8;0.234;31;50;27;1;13
10;데이비드;포수;0;0.000;0;0;0;0;0
11;앤드류 본;1루수;19;0.246;70;140;55;2;38
11;가빈 쉬츠;1루수;10;0.233;45;105;35;2;43
11;자레드 월시;1루수;1;0.226;7;12;9;0;7
11;대니 멘딕;2루수;3;0.197;8;26;13;6;6
11;브룩스 발드윈;2루수;2;0.211;8;24;9;4;6
11;니콜라스 로페즈;2루수;1;0.241;21;96;40;5;37
11;자크 레밀라드;2루수;0;0.242;1;8;3;1;5
11;브라이언 라모스;3루수;3;0.202;11;20;13;0;7
11;미구엘 바가스;3루수;2;0.104;7;14;11;2;17
11;요얀 몬카다;3루수;0;0.275;0;11;4;1;5
11;잭 델로치;우익수;1;0.209;5;14;10;0;8
11;오스카 콜라스;우익수;0;0.273;4;9;1;0;4
11;레닌 소사;유격수;8;0.254;35;89;28;3;12
11;브레이든 슈메이크;유격수;1;0.125;4;8;4;5;1
11;제이콥 아마야;유격수;0;0.176;3;12;4;1;4
11;앤드류 베닌텐디;좌익수;20;0.229;64;109;50;3;41
11;코리 절크스;좌익수;3;0.214;14;37;17;5;15
11;라파엘 오르테가;좌익수;0;0.071;1;1;4;2;2
11;루이스 로버트;중견수;14;0.224;35;88;47;23;28
11;도미닉 플레쳐;중견수;1;0.206;17;46;14;0;11
11;닉 센젤;중견수;0;0.100;0;3;0;0;1
11;코리 리;포수;12;0.210;37;79;36;6;17
11;마틴 말도나도;포수;4;0.119;11;16;9;0;8
11;처키 로빈슨;포수;0;0.129;0;9;2;0;5
12;피트 알론소;1루수;34;0.240;88;146;91;3;70
12;에디 알바레즈;2루수;0;0.000;0;0;2;0;1
12;마크 비엔토스;3루수;27;0.266;71;110;58;0;33
12;브렛 베이티;3루수;4;0.229;16;35;15;0;16
12;프란시스코 린도어;유격수;33;0.273;91;169;107;29;56
12;호세 이글레시아스;유격수;4;0.337;26;91;39;6;12
12;루이스앙헬 아쿠냐;유격수;3;0.308;6;12;6;0;1
12;파블로 레예스;유격수;0;0.183;5;11;4;1;3
12;브랜든 니모;좌익수;23;0.224;90;128;88;15;77
12;제시 윈커;좌익수;14;0.253;58;109;63;14;63
12;제프 맥닐;좌익수;12;0.238;44;101;57;5;35
12;에디 로사리오;좌익수;10;0.175;35;52;33;9;16
12;디제이 스튜어트;좌익수;5;0.177;19;28;16;1;31
12;호세 아조카르;좌익수;0;0.219;2;16;13;5;5
12;해리슨 베이더;중견수;12;0.236;51;95;57;17;21
12;스탈링 마르테;중견수;7;0.269;40;90;46;16;27
12;타이론 테일러;중견수;7;0.248;35;79;47;11;19
12;J.D. 마르티네스;지명타자;16;0.235;69;102;46;0;49
12;프란시스코 알바레즈;포수;11;0.237;47;73;39;1;30
12;루이스 토렌스;포수;3;0.229;15;27;14;0;9
13;타이 프랑스;1루수;5;0.251;20;45;18;1;10
13;크리스티안 엔카나시온-스트랜드;1루수;2;0.190;16;22;13;0;4
13;마이크 포드;1루수;1;0.150;4;9;2;0;2
13;도미닉 스미스;1루수;0;0.192;0;5;4;0;3
13;에드윈 리오스;1루수;0;0.111;0;1;1;0;1
13;조나단 인디아;2루수;15;0.248;58;132;84;13;80
13;스펜서 스티어;3루수;20;0.225;92;129;74;25;72
13;에이머 칸델라리오;3루수;20;0.225;56;96;47;4;27
13;산티아고 에스피날;3루수;9;0.246;45;88;32;11;24
13;데이비스 웬젤;3루수;1;0.128;2;6;2;0;1
13;윌 벤슨;우익수;14;0.187;43;64;41;16;40
13;제이크 프랠리;우익수;5;0.277;26;97;44;20;26
13;레이스 하인즈;우익수;5;0.261;11;12;9;2;4
13;코너 카펠;우익수;0;0.250;0;2;1;1;0
13;조이 위머;우익수;0;0.154;0;4;2;1;2
13;레비 조던;우익수;0;0.100;1;1;1;0;0
13;엘리 데 라 크루즈;유격수;25;0.259;76;160;105;67;69
13;노엘비 마르테;유격수;4;0.210;18;48;24;9;9
13;아메드 로사리오;유격수;1;0.176;6;12;7;4;2
13;스튜어트 페어차일드;좌익수;8;0.215;30;45;33;13;17
13;닉 마티니;좌익수;5;0.212;24;31;23;1;9
13;토니 켐프;좌익수;0;0.000;0;0;1;0;1
13;T.J. 프리들;중견수;13;0.226;55;67;35;9;26
13;블레이크 던;중견수;1;0.154;1;4;8;2;2
13;제이콥 허트바이스;중견수;0;0.185;4;10;7;2;6
13;버바 톰슨;중견수;0;0.111;0;2;5;5;0
13;타일러 스티븐슨;포수;19;0.258;66;118;69;1;48
13;루크 메이리;포수;2;0.178;8;24;8;2;13
13;오스틴 윈스;포수;0;0.368;2;7;3;0;0
13;터커 반하르트;포수;0;0.173;6;14;13;1;13
13;에릭 양;포수;0;0.000;0;0;0;0;0
14;비니 파스콴티노;1루수;19;0.262;97;130;64;1;40
14;율리에스키 구리엘;1루수;0;0.241;6;13;7;1;9
14;닉 프라토;1루수;0;0.000;0;0;0;0;0
14;마이클 매시;2루수;14;0.259;45;86;45;1;15
14;아담 브레이저;2루수;4;0.202;22;53;35;3;22
14;개럿 햄슨;2루수;0;0.230;16;49;16;7;14
14;마이켈 가르시아;3루수;7;0.231;58;133;84;37;42
14;헌터 렌프로;우익수;15;0.229;52;88;44;1;36
14;카일 이스벨;우익수;8;0.229;42;88;62;11;27
14;타일러 젠트리;우익수;0;0.000;0;0;0;0;0
14;바비 위트 주니어;유격수;32;0.332;109;211;125;31;57
14;폴 데용;유격수;24;0.227;56;101;54;2;23
14;닉 로프틴;유격수;1;0.189;14;28;15;1;19
14;M.J. 멜렌데즈;좌익수;17;0.206;44;85;44;4;35
14;넬슨 벨라스케스;좌익수;8;0.200;27;41;31;2;19
14;다이론 블랑코;좌익수;4;0.258;13;31;37;31;8
14;로비 그로스만;좌익수;3;0.212;16;44;21;3;34
14;토미 팸;중견수;2;0.206;12;14;7;0;7
14;드류 워터스;중견수;0;0.188;1;3;2;0;2
14;살바도르 페레즈;포수;27;0.271;104;160;58;0;44
14;프레디 페르민;포수;6;0.271;36;92;40;2;23
