01;필라76s;14;0.2;15;3;12;12.0;104.1;;;;;;;;2;5;1;7;1;2;1승;NBAEAST;ATL;2024-11-25
01;필라76s;14;0.188;16;3;13;13.0;104.1;;;;;;;;2;6;1;7;1;2;1패;NBAEAST;ATL;2024-11-26
01;필라76s;14;0.176;17;3;14;13.0;104.8;;;;;;;;2;7;1;7;1;2;2패;NBAEAST;ATL;2024-11-28
01;필라76s;14;0.222;18;4;14;12.0;105.1;;;;;;;;2;7;2;7;1;2;1승;NBAEAST;ATL;2024-12-01
02;밀워벅스;5;0.471;17;8;9;8.0;113.1;;;;;;;;7;3;1;6;3;3;4승;NBAEAST;CEN;2024-11-25
02;밀워벅스;5;0.5;18;9;9;8.0;112.7;;;;;;;;7;3;2;6;3;3;5승;NBAEAST;CEN;2024-11-27
02;밀워벅스;6;0.526;19;10;9;6.5;113.3;;;;;;;;8;3;2;6;3;3;6승;NBAEAST;CEN;2024-12-01
03;올랜매직;3;0.611;18;11;7;5.5;107.0;;;;;;;;8;0;3;7;3;0;2승;NBAEAST;SEA;2024-11-25
03;올랜매직;3;0.632;19;12;7;5.5;106.4;;;;;;;;8;0;4;7;4;0;3승;NBAEAST;SEA;2024-11-26
03;올랜매직;3;0.65;20;13;7;4.5;107.7;;;;;;;;9;0;4;7;4;0;4승;NBAEAST;SEA;2024-11-28
03;올랜매직;3;0.667;21;14;7;3.5;108.4;;;;;;;;9;0;5;7;4;0;5승;NBAEAST;SEA;2024-11-30
03;올랜매직;3;0.682;22;15;7;3.5;108.0;;;;;;;;9;0;6;7;4;0;6승;NBAEAST;SEA;2024-12-02
04;인디페이;12;0.375;16;6;10;9.5;114.5;;;;;;;;4;2;2;8;1;1;3패;NBAEAST;CEN;2024-11-25
04;인디페이;7;0.444;18;8;10;9.0;114.4;;;;;;;;6;2;2;8;1;1;2승;NBAEAST;CEN;2024-11-26
04;인디페이;7;0.474;19;9;10;8.0;114.8;;;;;;;;7;2;2;8;1;1;3승;NBAEAST;CEN;2024-11-28
04;인디페이;8;0.45;20;9;11;8.0;114.4;;;;;;;;7;3;2;8;1;2;1패;NBAEAST;CEN;2024-11-30
04;인디페이;8;0.429;21;9;12;9.0;114.7;;;;;;;;7;3;2;9;1;2;2패;NBAEAST;CEN;2024-12-02
05;멤피그리;7;0.588;17;10;7;2.5;120.3;;;;;;;;6;3;4;4;0;1;2승;NBAWEST;SWE;2024-11-25
05;멤피그리;5;0.611;18;11;7;2.5;120.4;;;;;;;;7;3;4;4;0;1;3승;NBAWEST;SWE;2024-11-26
05;멤피그리;4;0.632;19;12;7;2.5;121.0;;;;;;;;8;3;4;4;0;1;4승;NBAWEST;SWE;2024-11-28
05;멤피그리;4;0.65;20;13;7;2.5;121.0;;;;;;;;9;3;4;4;1;1;5승;NBAWEST;SWE;2024-11-30
05;멤피그리;3;0.667;21;14;7;1.5;121.7;;;;;;;;10;3;4;4;1;1;6승;NBAWEST;SWE;2024-12-02
06;샌안스퍼;11;0.529;17;9;8;3.5;109.8;;;;;;;;8;3;1;5;1;4;3승;NBAWEST;SWE;2024-11-25
06;샌안스퍼;10;0.556;18;10;8;3.5;110.8;;;;;;;;8;3;2;5;1;4;4승;NBAWEST;SWE;2024-11-27
06;샌안스퍼;10;0.526;19;10;9;4.5;110.3;;;;;;;;8;4;2;5;1;4;1패;NBAWEST;SWE;2024-11-28
06;샌안스퍼;10;0.55;20;11;9;4.0;111.1;;;;;;;;8;4;3;5;1;4;1승;NBAWEST;SWE;2024-12-02
07;골든워리;1;0.75;16;12;4;0.0;117.6;;;;;;;;5;1;7;3;0;2;1패;NBAWEST;PAC;2024-11-25
07;골든워리;2;0.706;17;12;5;1.0;117.7;;;;;;;;5;2;7;3;0;2;2패;NBAWEST;PAC;2024-11-26
07;골든워리;3;0.667;18;12;6;2.0;116.8;;;;;;;;5;3;7;3;0;2;3패;NBAWEST;PAC;2024-11-28
07;골든워리;4;0.632;19;12;7;3.0;116.2;;;;;;;;5;3;7;4;0;3;4패;NBAWEST;PAC;2024-12-01
08;휴스로케;3;0.667;18;12;6;1.0;113.8;;;;;;;;8;3;4;3;4;1;1패;NBAWEST;SWE;2024-11-25
08;휴스로케;3;0.684;19;13;6;1.0;113.9;;;;;;;;8;3;5;3;4;1;1승;NBAWEST;SWE;2024-11-27
08;휴스로케;2;0.7;20;14;6;1.0;114.4;;;;;;;;8;3;6;3;4;1;2승;NBAWEST;SWE;2024-11-28
08;휴스로케;2;0.714;21;15;6;0.5;114.6;;;;;;;;9;3;6;3;4;1;3승;NBAWEST;SWE;2024-12-02
09;포틀트레;13;0.412;17;7;10;5.5;105.5;;;;;;;;4;4;3;6;2;3;1승;NBAWEST;NWE;2024-11-25
09;포틀트레;13;0.389;18;7;11;6.5;105.1;;;;;;;;4;4;3;7;2;3;1패;NBAWEST;NWE;2024-11-26
09;포틀트레;13;0.368;19;7;12;7.5;105.6;;;;;;;;4;4;3;8;2;3;2패;NBAWEST;NWE;2024-11-28
09;포틀트레;13;0.4;20;8;12;7.5;106.1;;;;;;;;5;4;3;8;2;3;1승;NBAWEST;NWE;2024-11-30
09;포틀트레;13;0.381;21;8;13;7.5;107.2;;;;;;;;5;5;3;8;2;3;1패;NBAWEST;NWE;2024-12-02
10;안양정관;7;0.4;10;4;6;4.0;72.5;17.8;36.3;6.8;4.0;7.5;8.8;73.95;;;;;;;;KBL;;2024-11-25
10;안양정관;5;0.455;11;5;6;4.5;73.6;18.6;38.0;6.6;4.4;7.8;9.3;74.45;;;;;;;;KBL;;2024-11-30
10;안양정관;6;0.417;12;5;7;5.5;74.2;18.5;38.4;6.2;4.7;7.8;9.7;75.82;;;;;;;;KBL;;2024-12-01
11;인디페이;12;0.375;16;6;10;9.5;114.5;;;;;;;;4;2;2;8;1;1;3패;NBAEAST;CEN;2024-11-25
11;인디페이;7;0.444;18;8;10;9.0;114.4;;;;;;;;6;2;2;8;1;1;2승;NBAEAST;CEN;2024-11-26
11;인디페이;7;0.474;19;9;10;8.0;114.8;;;;;;;;7;2;2;8;1;1;3승;NBAEAST;CEN;2024-11-28
11;인디페이;8;0.45;20;9;11;8.0;114.4;;;;;;;;7;3;2;8;1;2;1패;NBAEAST;CEN;2024-11-30
11;인디페이;8;0.429;21;9;12;9.0;114.7;;;;;;;;7;3;2;9;1;2;2패;NBAEAST;CEN;2024-12-02
12;LA레이커;4;0.625;16;10;6;2.0;116.4;;;;;;;;7;2;3;4;2;1;2패;NBAWEST;PAC;2024-11-25
12;LA레이커;6;0.588;17;10;7;3.0;115.4;;;;;;;;7;2;3;5;2;2;3패;NBAWEST;PAC;2024-11-27
12;LA레이커;5;0.611;18;11;7;3.0;115.6;;;;;;;;7;2;4;5;2;2;1승;NBAWEST;PAC;2024-11-28
12;LA레이커;6;0.579;19;11;8;4.0;114.4;;;;;;;;7;3;4;5;2;2;1패;NBAWEST;PAC;2024-11-30
12;LA레이커;6;0.6;20;12;8;3.0;114.0;;;;;;;;7;3;5;5;2;2;1승;NBAWEST;PAC;2024-12-02
12;LA레이커;8;0.571;21;12;9;3.5;112.3;;;;;;;;7;3;5;6;2;2;1패;NBAWEST;PAC;2024-12-03
13;애틀호크;7;0.412;17;7;10;9.0;115.4;;;;;;;;4;4;3;6;2;2;2패;NBAEAST;SEA;2024-11-25
13;애틀호크;11;0.389;18;7;11;10.0;115.6;;;;;;;;4;5;3;6;2;2;3패;NBAEAST;SEA;2024-11-26
13;애틀호크;9;0.421;19;8;11;9.0;116.6;;;;;;;;4;5;4;6;2;2;1승;NBAEAST;SEA;2024-11-28
13;애틀호크;7;0.45;20;9;11;8.0;116.6;;;;;;;;5;5;4;6;2;2;2승;NBAEAST;SEA;2024-11-30
13;애틀호크;7;0.476;21;10;11;7.5;116.1;;;;;;;;5;5;5;6;3;2;3승;NBAEAST;SEA;2024-12-01
13;애틀호크;6;0.5;22;11;11;7.5;116.5;;;;;;;;6;5;5;6;3;2;4승;NBAEAST;SEA;2024-12-03
14;미네울브;10;0.533;15;8;7;3.5;112.8;;;;;;;;5;2;3;5;2;2;1패;NBAWEST;NWE;2024-11-25
14;미네울브;11;0.5;16;8;8;4.5;112.8;;;;;;;;5;2;3;6;2;2;2패;NBAWEST;NWE;2024-11-26
14;미네울브;11;0.471;17;8;9;5.0;112.6;;;;;;;;5;3;3;6;2;2;3패;NBAWEST;NWE;2024-11-27
14;미네울브;12;0.444;18;8;10;6.0;112.2;;;;;;;;5;4;3;6;2;2;4패;NBAWEST;NWE;2024-11-28
14;미네울브;11;0.474;19;9;10;6.0;111.2;;;;;;;;6;4;3;6;2;2;1승;NBAWEST;NWE;2024-11-30
14;미네울브;11;0.5;20;10;10;5.0;111.1;;;;;;;;7;4;3;6;2;2;2승;NBAWEST;NWE;2024-12-03
