01;클리캐벌;1;0.804;46;37;9;0.0;121.8;;;;;;;;22;3;15;6;8;1;1승;NBAEAST;중부;2025-01-28
01;클리캐벌;1;0.809;47;38;9;0.0;121.9;;;;;;;;22;3;16;6;8;1;2승;NBAEAST;중부;2025-01-30
01;클리캐벌;1;0.813;48;39;9;0.0;122.2;;;;;;;;23;3;16;6;8;1;3승;NBAEAST;중부;2025-01-31
01;클리캐벌;1;0.816;49;40;9;0.0;122.6;;;;;;;;24;3;16;6;8;1;4승;NBAEAST;중부;2025-02-03
01;클리캐벌;1;0.8;50;40;10;0.0;122.3;;;;;;;;24;4;16;6;8;1;1패;NBAEAST;중부;2025-02-05
01;클리캐벌;1;0.804;51;41;10;0.0;122.2;;;;;;;;24;4;17;6;9;1;1승;NBAEAST;중부;2025-02-06
01;클리캐벌;1;0.808;52;42;10;0.0;122.4;;;;;;;;24;4;18;6;9;1;2승;NBAEAST;중부;2025-02-08
01;클리캐벌;1;0.811;53;43;10;0.0;122.5;;;;;;;;25;4;18;6;9;1;3승;NBAEAST;중부;2025-02-11
01;클리캐벌;1;0.815;54;44;10;0.0;122.7;;;;;;;;25;4;19;6;9;1;4승;NBAEAST;중부;2025-02-13
01;클리캐벌;1;0.818;55;45;10;0.0;122.5;;;;;;;;25;4;20;6;9;1;5승;NBAEAST;중부;2025-02-21
02;올랜매직;7;0.5;48;24;24;14.0;104.1;;;;;;;;15;9;9;15;5;2;1패;NBAEAST;남동부;2025-01-28
02;올랜매직;7;0.49;49;24;25;15.5;103.8;;;;;;;;15;9;9;16;5;2;2패;NBAEAST;남동부;2025-01-31
02;올랜매직;8;0.48;50;24;26;16.0;103.7;;;;;;;;15;9;9;17;5;2;3패;NBAEAST;남동부;2025-02-02
02;올랜매직;8;0.471;51;24;27;17.0;103.6;;;;;;;;15;9;9;18;5;2;4패;NBAEAST;남동부;2025-02-04
02;올랜매직;8;0.481;52;25;27;16.5;104.1;;;;;;;;15;9;10;18;5;2;1승;NBAEAST;남동부;2025-02-06
02;올랜매직;8;0.472;53;25;28;17.0;103.8;;;;;;;;15;9;10;19;5;2;1패;NBAEAST;남동부;2025-02-07
02;올랜매직;8;0.481;54;26;28;17.0;104.0;;;;;;;;16;9;10;19;5;2;1승;NBAEAST;남동부;2025-02-09
02;올랜매직;9;0.473;55;26;29;18.0;104.0;;;;;;;;16;10;10;19;5;3;1패;NBAEAST;남동부;2025-02-11
02;올랜매직;7;0.482;56;27;29;18.0;104.0;;;;;;;;17;10;10;19;6;3;1승;NBAEAST;남동부;2025-02-13
02;올랜매직;7;0.491;57;28;29;18.0;104.2;;;;;;;;17;10;11;19;7;3;2승;NBAEAST;남동부;2025-02-21
03;워싱위저;15;0.133;45;6;39;30.5;107.8;;;;;;;;5;18;1;21;4;3;14패;NBAEAST;남동부;2025-01-28
03;워싱위저;15;0.13;46;6;40;31.5;107.2;;;;;;;;5;19;1;21;4;3;15패;NBAEAST;남동부;2025-01-30
03;워싱위저;15;0.128;47;6;41;32.5;107.0;;;;;;;;5;20;1;21;4;3;16패;NBAEAST;남동부;2025-01-31
03;워싱위저;15;0.146;48;7;41;32.0;106.9;;;;;;;;5;19;2;21;4;3;1승;NBAEAST;남동부;2025-02-02
03;워싱위저;15;0.163;49;8;41;32.0;107.3;;;;;;;;5;19;3;21;5;3;2승;NBAEAST;남동부;2025-02-04
03;워싱위저;15;0.18;50;9;41;31.5;107.5;;;;;;;;5;19;4;21;5;3;3승;NBAEAST;남동부;2025-02-06
03;워싱위저;15;0.176;51;9;42;32.5;107.8;;;;;;;;5;20;4;21;5;3;1패;NBAEAST;남동부;2025-02-08
03;워싱위저;15;0.173;52;9;43;33.0;107.9;;;;;;;;5;21;4;21;5;4;2패;NBAEAST;남동부;2025-02-09
03;워싱위저;15;0.17;53;9;44;34.0;108.2;;;;;;;;5;22;4;21;5;4;3패;NBAEAST;남동부;2025-02-11
03;워싱위저;15;0.167;54;9;45;35.0;108.6;;;;;;;;5;23;4;21;5;4;4패;NBAEAST;남동부;2025-02-13
04;토론랩터;12;0.304;46;14;32;23.0;111.3;;;;;;;;11;13;3;19;3;6;4승;NBAEAST;대서양;2025-01-28
04;토론랩터;12;0.319;47;15;32;23.0;111.2;;;;;;;;11;13;4;19;3;6;5승;NBAEAST;대서양;2025-01-30
04;토론랩터;12;0.313;48;15;33;24.0;111.1;;;;;;;;11;14;4;19;3;6;1패;NBAEAST;대서양;2025-02-01
04;토론랩터;12;0.327;49;16;33;24.0;111.2;;;;;;;;12;14;4;19;3;6;1승;NBAEAST;대서양;2025-02-03
04;토론랩터;13;0.32;50;16;34;24.0;111.3;;;;;;;;12;15;4;19;3;7;1패;NBAEAST;대서양;2025-02-05
04;토론랩터;13;0.314;51;16;35;25.0;111.2;;;;;;;;12;16;4;19;3;7;2패;NBAEAST;대서양;2025-02-06
04;토론랩터;13;0.308;52;16;36;26.0;111.2;;;;;;;;12;16;4;20;3;7;3패;NBAEAST;대서양;2025-02-08
04;토론랩터;13;0.302;53;16;37;26.5;110.7;;;;;;;;12;16;4;21;3;7;4패;NBAEAST;대서양;2025-02-10
04;토론랩터;13;0.315;54;17;37;26.5;110.6;;;;;;;;12;16;5;21;4;7;1승;NBAEAST;대서양;2025-02-12
04;토론랩터;13;0.309;55;17;38;27.5;110.6;;;;;;;;12;17;5;21;4;7;1패;NBAEAST;대서양;2025-02-13
05;샌안스퍼;12;0.455;44;20;24;16.0;112.1;;;;;;;;12;12;8;12;2;6;2패;NBAWEST;남서부;2025-01-30
05;샌안스퍼;12;0.467;45;21;24;15.5;112.8;;;;;;;;13;11;7;12;2;6;1승;NBAWEST;남서부;2025-02-01
05;샌안스퍼;12;0.457;46;21;25;16.5;112.6;;;;;;;;13;12;7;12;2;6;1패;NBAWEST;남서부;2025-02-02
05;샌안스퍼;12;0.447;47;21;26;17.5;112.5;;;;;;;;13;12;7;13;2;7;2패;NBAWEST;남서부;2025-02-04
05;샌안스퍼;12;0.458;48;22;26;17.5;112.8;;;;;;;;13;12;8;13;2;7;1승;NBAWEST;남서부;2025-02-06
05;샌안스퍼;12;0.449;49;22;27;18.5;112.8;;;;;;;;13;12;8;14;2;7;1패;NBAWEST;남서부;2025-02-08
05;샌안스퍼;12;0.44;50;22;28;19.5;112.8;;;;;;;;13;12;8;15;2;7;2패;NBAWEST;남서부;2025-02-09
05;샌안스퍼;12;0.451;51;23;28;19.5;113.2;;;;;;;;13;12;9;15;2;7;1승;NBAWEST;남서부;2025-02-11
05;샌안스퍼;12;0.442;52;23;29;20.5;113.0;;;;;;;;13;12;9;16;2;7;1패;NBAWEST;남서부;2025-02-13
05;샌안스퍼;12;0.453;53;24;29;19.5;113.1;;;;;;;;14;12;9;16;2;7;1승;NBAWEST;남서부;2025-02-21
06;댈러매버;9;0.532;47;25;22;13.0;115.4;;;;;;;;14;10;11;12;4;4;1승;NBAWEST;남서부;2025-01-28
06;댈러매버;8;0.542;48;26;22;12.0;115.9;;;;;;;;14;10;12;12;5;4;2승;NBAWEST;남서부;2025-01-30
06;댈러매버;9;0.531;49;26;23;12.5;115.6;;;;;;;;14;10;12;13;5;4;1패;NBAWEST;남서부;2025-02-01
06;댈러매버;9;0.52;50;26;24;13.5;115.3;;;;;;;;14;10;12;14;5;4;2패;NBAWEST;남서부;2025-02-03
06;댈러매버;11;0.51;51;26;25;14.5;115.3;;;;;;;;14;10;12;15;5;4;3패;NBAWEST;남서부;2025-02-05
06;댈러매버;8;0.519;52;27;25;14.5;115.5;;;;;;;;14;10;13;15;5;4;1승;NBAWEST;남서부;2025-02-07
06;댈러매버;8;0.528;53;28;25;15.0;115.5;;;;;;;;15;10;13;15;6;4;2승;NBAWEST;남서부;2025-02-09
06;댈러매버;8;0.519;54;28;26;16.0;115.8;;;;;;;;15;11;13;15;6;4;1패;NBAWEST;남서부;2025-02-11
06;댈러매버;8;0.527;55;29;26;16.0;115.7;;;;;;;;16;11;13;15;6;4;1승;NBAWEST;남서부;2025-02-13
06;댈러매버;8;0.536;56;30;26;15.0;115.7;;;;;;;;17;11;13;15;6;4;2승;NBAWEST;남서부;2025-02-15
07;휴스로케;2;0.696;46;32;14;5.5;113.9;;;;;;;;15;7;17;7;9;1;4승;NBAWEST;남서부;2025-01-29
07;휴스로케;2;0.681;47;32;15;5.5;114.0;;;;;;;;15;7;17;8;9;2;1패;NBAWEST;남서부;2025-01-31
07;휴스로케;2;0.667;48;32;16;6.5;113.6;;;;;;;;15;8;17;7;9;2;2패;NBAWEST;남서부;2025-02-02
07;휴스로케;3;0.653;49;32;17;7.5;113.7;;;;;;;;15;8;17;8;9;2;3패;NBAWEST;남서부;2025-02-04
07;휴스로케;3;0.64;50;32;18;8.0;113.4;;;;;;;;15;8;17;9;9;2;4패;NBAWEST;남서부;2025-02-05
07;휴스로케;4;0.627;51;32;19;9.0;113.4;;;;;;;;15;8;17;10;9;2;5패;NBAWEST;남서부;2025-02-07
07;휴스로케;5;0.615;52;32;20;10.5;113.3;;;;;;;;15;8;17;11;9;3;6패;NBAWEST;남서부;2025-02-09
07;휴스로케;4;0.623;53;33;20;10.0;112.9;;;;;;;;16;8;17;11;9;3;1승;NBAWEST;남서부;2025-02-10
07;휴스로케;4;0.63;54;34;20;10.5;113.0;;;;;;;;17;8;17;11;9;3;2승;NBAWEST;남서부;2025-02-13
07;휴스로케;4;0.618;55;34;21;10.5;112.7;;;;;;;;17;9;17;11;9;3;1패;NBAWEST;남서부;2025-02-15
08;유타재즈;15;0.222;45;10;35;27.0;111.1;;;;;;;;3;16;7;19;1;6;7패;NBAWEST;북서부;2025-01-29
08;유타재즈;15;0.217;46;10;36;27.0;111.1;;;;;;;;3;17;7;19;1;7;8패;NBAWEST;북서부;2025-01-31
08;유타재즈;15;0.234;47;11;36;27.0;111.2;;;;;;;;4;17;7;19;1;7;1승;NBAWEST;북서부;2025-02-02
08;유타재즈;15;0.229;48;11;37;28.0;111.2;;;;;;;;4;18;7;19;1;7;1패;NBAWEST;북서부;2025-02-04
08;유타재즈;14;0.245;49;12;37;28.0;111.6;;;;;;;;5;18;7;19;1;7;1승;NBAWEST;북서부;2025-02-06
08;유타재즈;14;0.24;50;12;38;29.0;111.9;;;;;;;;5;18;7;20;1;7;1패;NBAWEST;북서부;2025-02-08
08;유타재즈;14;0.235;51;12;39;30.0;111.8;;;;;;;;5;18;7;21;1;7;2패;NBAWEST;북서부;2025-02-09
08;유타재즈;14;0.231;52;12;40;31.0;111.9;;;;;;;;5;18;7;22;1;7;3패;NBAWEST;북서부;2025-02-11
08;유타재즈;14;0.245;53;13;40;31.0;112.2;;;;;;;;6;18;7;22;1;7;1승;NBAWEST;북서부;2025-02-13
08;유타재즈;14;0.241;54;13;41;31.0;112.3;;;;;;;;6;19;7;22;1;7;1패;NBAWEST;북서부;2025-02-15
09;새크킹스;10;0.522;46;24;22;13.5;116.9;;;;;;;;13;12;11;10;4;6;1승;NBAWEST;태평양;2025-01-28
09;새크킹스;10;0.511;47;24;23;13.5;116.6;;;;;;;;13;12;11;11;4;6;1패;NBAWEST;태평양;2025-01-30
09;새크킹스;10;0.5;48;24;24;14.5;116.5;;;;;;;;13;12;11;12;4;6;2패;NBAWEST;태평양;2025-02-02
09;새크킹스;9;0.51;49;25;24;14.5;116.4;;;;;;;;13;12;12;12;4;6;1승;NBAWEST;태평양;2025-02-04
09;새크킹스;9;0.5;50;25;25;15.5;116.3;;;;;;;;13;13;12;12;4;6;1패;NBAWEST;태평양;2025-02-06
09;새크킹스;10;0.49;51;25;26;16.0;116.1;;;;;;;;13;13;12;13;4;6;2패;NBAWEST;태평양;2025-02-07
09;새크킹스;9;0.5;52;26;26;16.5;116.2;;;;;;;;14;13;12;13;4;6;1승;NBAWEST;태평양;2025-02-09
09;새크킹스;9;0.509;53;27;26;16.5;116.4;;;;;;;;14;13;13;13;4;6;2승;NBAWEST;태평양;2025-02-11
09;새크킹스;9;0.519;54;28;26;16.5;116.5;;;;;;;;14;13;14;13;4;6;3승;NBAWEST;태평양;2025-02-13
09;새크킹스;9;0.509;55;28;27;16.5;116.8;;;;;;;;14;13;14;14;4;6;1패;NBAWEST;태평양;2025-02-15
10;시카불스;10;0.426;47;20;27;17.5;116.7;;;;;;;;9;16;11;11;3;6;1승;NBAEAST;중부;2025-01-28
10;시카불스;10;0.417;48;20;28;18.5;116.4;;;;;;;;9;16;11;12;3;6;1패;NBAEAST;중부;2025-01-30
10;시카불스;10;0.429;49;21;28;18.5;116.5;;;;;;;;9;16;12;12;3;6;1승;NBAEAST;중부;2025-02-01
10;시카불스;10;0.42;50;21;29;19.5;116.5;;;;;;;;9;16;12;13;3;7;1패;NBAEAST;중부;2025-02-03
10;시카불스;10;0.431;51;22;29;18.5;116.8;;;;;;;;10;16;12;13;3;7;1승;NBAEAST;중부;2025-02-05
10;시카불스;10;0.423;52;22;30;19.5;116.7;;;;;;;;10;16;12;14;3;7;1패;NBAEAST;중부;2025-02-06
10;시카불스;10;0.415;53;22;31;20.5;116.6;;;;;;;;10;17;12;14;3;7;2패;NBAEAST;중부;2025-02-09
10;시카불스;10;0.407;54;22;32;21.5;116.1;;;;;;;;10;18;12;14;3;8;3패;NBAEAST;중부;2025-02-12
10;시카불스;10;0.4;55;22;33;22.5;116.0;;;;;;;;10;19;12;14;3;9;4패;NBAEAST;중부;2025-02-13
10;시카불스;10;0.393;56;22;34;23.5;115.9;;;;;;;;10;19;12;15;3;9;5패;NBAEAST;중부;2025-02-21
11;필라76s;11;0.413;46;19;27;18.5;108.5;;;;;;;;9;13;10;14;3;3;4승;NBAEAST;대서양;2025-01-30
11;필라76s;11;0.404;47;19;28;19.5;109.0;;;;;;;;9;14;10;14;3;3;1패;NBAEAST;대서양;2025-02-01
11;필라76s;11;0.396;48;19;29;20.5;109.1;;;;;;;;9;15;10;14;3;4;2패;NBAEAST;대서양;2025-02-03
11;필라76s;11;0.408;49;20;29;19.5;109.2;;;;;;;;10;15;10;14;3;4;1승;NBAEAST;대서양;2025-02-05
11;필라76s;11;0.4;50;20;30;20.5;109.1;;;;;;;;10;16;10;14;3;4;1패;NBAEAST;대서양;2025-02-06
11;필라76s;11;0.392;51;20;31;21.5;109.1;;;;;;;;10;16;10;15;3;4;2패;NBAEAST;대서양;2025-02-08
11;필라76s;11;0.385;52;20;32;22.0;109.5;;;;;;;;10;16;10;16;3;4;3패;NBAEAST;대서양;2025-02-10
11;필라76s;11;0.377;53;20;33;23.0;109.4;;;;;;;;10;17;10;16;3;5;4패;NBAEAST;대서양;2025-02-12
11;필라76s;11;0.37;54;20;34;24.0;109.1;;;;;;;;10;17;10;17;3;6;5패;NBAEAST;대서양;2025-02-13
11;필라76s;11;0.364;55;20;35;25.0;109.0;;;;;;;;10;18;10;17;3;7;6패;NBAEAST;대서양;2025-02-21
12;덴버너게;4;0.596;47;28;19;9.5;120.4;;;;;;;;14;8;14;11;4;4;3패;NBAWEST;북서부;2025-01-30
12;덴버너게;4;0.604;48;29;19;9.0;120.8;;;;;;;;14;8;15;11;4;4;1승;NBAWEST;북서부;2025-02-01
12;덴버너게;4;0.612;49;30;19;9.0;120.5;;;;;;;;14;8;16;11;4;4;2승;NBAWEST;북서부;2025-02-02
12;덴버너게;4;0.62;50;31;19;9.0;120.6;;;;;;;;15;8;16;11;4;4;3승;NBAWEST;북서부;2025-02-04
12;덴버너게;4;0.627;51;32;19;9.0;121.0;;;;;;;;16;8;16;11;4;4;4승;NBAWEST;북서부;2025-02-06
12;덴버너게;3;0.635;52;33;19;8.5;120.8;;;;;;;;17;8;16;11;4;4;5승;NBAWEST;북서부;2025-02-07
12;덴버너게;3;0.642;53;34;19;9.0;120.9;;;;;;;;17;8;17;11;4;4;6승;NBAWEST;북서부;2025-02-09
12;덴버너게;3;0.648;54;35;19;9.0;121.3;;;;;;;;18;8;17;11;5;4;7승;NBAWEST;북서부;2025-02-11
12;덴버너게;3;0.655;55;36;19;9.0;121.5;;;;;;;;19;8;17;11;6;4;8승;NBAWEST;북서부;2025-02-13
12;덴버너게;2;0.661;56;37;19;8.0;121.7;;;;;;;;20;8;17;11;6;4;9승;NBAWEST;북서부;2025-02-21
13;유타재즈;15;0.222;45;10;35;27.0;111.1;;;;;;;;3;16;7;19;1;6;7패;NBAWEST;북서부;2025-01-29
13;유타재즈;15;0.217;46;10;36;27.0;111.1;;;;;;;;3;17;7;19;1;7;8패;NBAWEST;북서부;2025-01-31
13;유타재즈;15;0.234;47;11;36;27.0;111.2;;;;;;;;4;17;7;19;1;7;1승;NBAWEST;북서부;2025-02-02
13;유타재즈;15;0.229;48;11;37;28.0;111.2;;;;;;;;4;18;7;19;1;7;1패;NBAWEST;북서부;2025-02-04
13;유타재즈;14;0.245;49;12;37;28.0;111.6;;;;;;;;5;18;7;19;1;7;1승;NBAWEST;북서부;2025-02-06
13;유타재즈;14;0.24;50;12;38;29.0;111.9;;;;;;;;5;18;7;20;1;7;1패;NBAWEST;북서부;2025-02-08
13;유타재즈;14;0.235;51;12;39;30.0;111.8;;;;;;;;5;18;7;21;1;7;2패;NBAWEST;북서부;2025-02-09
13;유타재즈;14;0.231;52;12;40;31.0;111.9;;;;;;;;5;18;7;22;1;7;3패;NBAWEST;북서부;2025-02-11
13;유타재즈;14;0.245;53;13;40;31.0;112.2;;;;;;;;6;18;7;22;1;7;1승;NBAWEST;북서부;2025-02-13
13;유타재즈;14;0.241;54;13;41;31.0;112.3;;;;;;;;6;19;7;22;1;7;1패;NBAWEST;북서부;2025-02-15
14;포틀트레;13;0.383;47;18;29;20.0;108.1;;;;;;;;10;13;8;16;4;5;1승;NBAWEST;북서부;2025-01-29
14;포틀트레;13;0.396;48;19;29;19.0;108.4;;;;;;;;11;13;8;16;4;5;2승;NBAWEST;북서부;2025-01-31
14;포틀트레;13;0.408;49;20;29;19.0;108.8;;;;;;;;12;13;8;16;4;5;3승;NBAWEST;북서부;2025-02-02
14;포틀트레;13;0.42;50;21;29;19.0;109.0;;;;;;;;13;13;8;16;4;5;4승;NBAWEST;북서부;2025-02-04
14;포틀트레;13;0.431;51;22;29;18.5;109.1;;;;;;;;14;13;8;16;4;5;5승;NBAWEST;북서부;2025-02-05
14;포틀트레;13;0.442;52;23;29;18.5;109.0;;;;;;;;15;13;8;16;4;5;6승;NBAWEST;북서부;2025-02-07
14;포틀트레;13;0.434;53;23;30;20.0;108.8;;;;;;;;15;13;8;17;4;6;1패;NBAWEST;북서부;2025-02-09
14;포틀트레;13;0.426;54;23;31;21.0;109.0;;;;;;;;15;13;8;18;4;7;2패;NBAWEST;북서부;2025-02-11
14;포틀트레;13;0.418;55;23;32;22.0;109.2;;;;;;;;15;13;8;19;4;8;3패;NBAWEST;북서부;2025-02-13
14;포틀트레;13;0.411;56;23;33;22.0;109.1;;;;;;;;15;14;8;19;4;8;4패;NBAWEST;북서부;2025-02-21
