999;141;94;60
999;132;95;68
999;139;88;66
999;150;71;71
999;135;95;65
999;128;84;82
999;154;81;60
999;144;78;73
999;144;85;65
999;138;72;84
999;159;74;61
999;135;96;63
999;116;94;83
999;149;93;52
300;11;10;9
300;14;6;10
300;15;8;7
300;14;10;6
300;13;10;7
300;17;6;7
300;14;5;11
300;17;1;12
300;17;7;6
300;13;7;10
300;20;7;3
300;17;3;10
300;11;7;12
300;13;7;10
100;고;29
100;저;28
100;고;27
100;고;26
100;중;25
100;고;24
100;중;23
100;저;22
100;중;21
100;고;20
100;중;19
100;저;18
100;중;17
100;고;16
