999;131;96;69
999;118;95;83
999;136;77;81
999;125;66;102
999;116;91;89
999;113;83;99
999;121;92;83
999;124;84;88
999;120;90;85
999;129;73;92
999;131;76;87
999;119;89;86
999;100;90;103
999;135;93;66
300;12;9;9
300;13;6;11
300;16;5;9
300;11;8;11
300;8;11;11
300;15;7;8
300;9;10;11
300;20;3;7
300;12;7;11
300;17;6;7
300;17;6;7
300;16;4;10
300;6;8;16
300;12;7;11
100;승;30
100;승;29
100;패;28
100;패;27
100;패;26
100;5;25
100;승;24
100;패;23
100;5;22
100;5;21
100;승;20
100;승;19
100;승;18
100;5;17
