999;303;149;125
999;282;160;139
999;274;187;121
999;285;144;151
999;299;135;148
999;312;130;137
999;285;160;138
999;286;157;132
999;303;141;132
999;255;170;156
999;273;164;137
999;285;152;142
999;292;157;131
999;301;159;122
300;20;5;5
300;18;3;9
300;16;9;5
300;20;3;7
300;16;7;7
300;14;8;8
300;13;7;10
300;14;5;11
300;12;10;8
300;10;12;8
300;15;12;3
300;10;12;8
300;15;4;11
300;14;12;4
100;고;75
100;고;74
100;저;73
100;저;72
100;중;71
100;고;70
100;고;69
100;고;68
100;고;67
100;고;66
100;고;65
100;저;64
100;중;63
100;고;62
