01;스쿠페트;골키퍼;0;0;0;8;0;0;0;0;0
01;시오치;골키퍼;0;0;0;1;0;0;0;0;0
01;피콜리;공격수;2;0;2;9;26;7;1;0;3
01;파볼레티;공격수;0;0;0;5;2;0;1;0;0
01;펠리치;공격수;0;0;0;1;1;0;0;0;0
01;라파둘라;공격수;0;0;0;6;4;0;1;0;0
01;루봄보;공격수;0;1;1;9;12;2;0;0;3
01;무탄드와;공격수;0;0;0;2;3;0;0;0;0
01;아지;공격수;0;0;0;6;7;3;2;0;0
01;마린;미드필더;2;0;2;9;10;4;2;0;0
01;비올라;미드필더;1;0;1;5;7;4;0;0;1
01;프라티;미드필더;0;0;0;4;0;0;1;0;0
01;아도포;미드필더;0;1;1;7;2;0;1;0;0
01;데이올라;미드필더;0;0;0;8;5;1;2;0;0
01;마쿰부;미드필더;0;0;0;6;3;0;0;0;0
01;가에타노;미드필더;0;1;1;6;6;0;0;0;1
01;조르테아;수비수;1;0;1;6;5;1;0;0;0
01;팔로미노;수비수;1;0;1;4;1;1;0;0;0
01;자파;수비수;0;0;0;9;0;0;1;0;0
01;비에테스카;수비수;0;0;0;1;1;0;0;0;0
01;루페르토;수비수;0;2;2;9;6;1;0;0;0
01;오베르트;수비수;0;0;0;3;0;0;1;0;0
01;미나;수비수;0;0;0;8;8;3;2;0;2
01;아우젤로;수비수;0;0;0;9;2;0;0;0;1
02;팔코네;골키퍼;0;0;0;9;0;0;1;0;0
02;크르스토비치;공격수;2;0;2;9;34;12;0;0;3
02;산소네;공격수;0;0;0;1;0;0;0;0;0
02;반다;공격수;0;0;0;7;9;1;1;0;2
02;오딘;공격수;0;0;0;6;1;1;0;0;0
02;베리샤;공격수;0;0;0;3;4;3;0;0;0
02;레비치;공격수;0;0;0;7;3;1;2;0;4
02;모렌테;공격수;0;0;0;8;2;0;1;0;0
02;쿨리발리;미드필더;0;0;0;9;1;0;0;0;0
02;카바;미드필더;0;0;0;1;0;0;0;0;0
02;피레;미드필더;0;0;0;9;1;0;1;0;0
02;피에로티;미드필더;0;0;0;8;6;2;1;0;1
02;라마다니;미드필더;0;1;1;9;7;3;1;0;0
02;마르치윈스키;미드필더;0;0;0;1;0;0;0;0;0
02;라피아;미드필더;0;0;0;7;4;1;2;0;0
02;도르구;수비수;1;0;1;8;16;3;1;1;0
02;장;수비수;0;0;0;2;0;0;0;0;0
02;에스포시토;수비수;0;0;0;0;0;0;0;0;0
02;갈로;수비수;0;0;0;8;3;1;1;1;1
02;펠마르드;수비수;0;0;0;2;0;0;0;0;0
02;가스퍼;수비수;0;1;1;9;5;1;1;0;0
02;바스키로토;수비수;0;0;0;9;4;2;2;0;0
02;길베르;수비수;0;0;0;5;3;0;0;1;1
03;메냥;골키퍼;0;0;0;8;0;0;1;0;0
03;풀리식;공격수;5;3;8;8;11;7;0;0;0
03;모라타;공격수;2;0;2;6;5;4;2;0;2
03;오카포;공격수;1;0;1;7;6;4;0;0;1
03;에이브러햄;공격수;1;1;2;6;10;5;0;0;0
03;레앙;공격수;1;3;4;7;17;9;0;0;1
03;요비치;공격수;0;0;0;3;1;0;1;0;0
03;추쿠에제;미드필더;1;0;1;8;7;2;0;0;1
03;포파나;미드필더;1;0;1;7;3;1;2;0;0
03;롭투스 치크;미드필더;0;0;0;7;5;2;1;0;0
03;무사;미드필더;0;1;1;6;5;0;0;0;0
03;벤나세르;미드필더;0;0;0;1;0;0;0;0;0
03;제롤리;미드필더;0;0;0;1;0;0;0;0;0
03;라인더르스;미드필더;0;2;2;8;6;2;1;1;0
03;테라치아노;미드필더;0;0;0;2;0;0;2;0;0
03;에르난데스;수비수;2;2;4;7;5;2;0;1;0
03;가비아;수비수;1;0;1;4;5;1;1;0;0
03;파블로비치;수비수;1;0;1;5;1;1;1;0;0
03;발테사기;수비수;0;0;0;1;0;0;0;1;0
03;칼라브리아;수비수;0;0;0;2;0;0;0;0;0
03;티아우;수비수;0;0;0;2;1;0;0;0;0
03;이메르송;수비수;0;0;0;7;0;0;2;0;0
03;토모리;수비수;0;0;0;7;0;0;1;0;0
04;램스데일;골키퍼;0;0;0;7;0;0;0;0;0
04;맥카시;골키퍼;0;0;0;2;0;0;0;0;0
04;아처;공격수;2;0;2;9;10;4;0;0;1
04;디블링;공격수;1;0;1;9;8;4;3;0;0
04;프레이저;공격수;0;0;0;4;1;1;0;1;1
04;스튜어트;공격수;0;0;0;4;1;0;1;0;1
04;브레레톤;공격수;0;0;0;6;7;0;1;0;1
04;암스트롱;공격수;0;0;0;6;7;2;2;0;2
04;술레마나;공격수;0;0;0;2;1;0;0;0;0
04;오누아추;공격수;0;0;0;3;4;1;0;0;0
04;아리보;미드필더;1;0;1;8;7;2;0;0;0
04;매닝;미드필더;0;1;1;3;1;0;1;0;0
04;페르난데스;미드필더;0;2;2;8;1;0;2;0;0
04;쿠르네;미드필더;0;0;0;2;1;0;1;0;1
04;아모 아메야우;미드필더;0;0;0;1;1;1;0;0;0
04;랄라나;미드필더;0;2;2;5;2;0;3;0;0
04;스몰본;미드필더;0;0;0;4;2;0;0;0;0
04;우고추쿠;미드필더;0;0;0;3;1;0;0;0;0
04;다운스;미드필더;0;0;0;9;2;1;4;0;0
04;스가와라;수비수;1;0;1;8;6;2;2;0;2
04;하우드 벨리스;수비수;1;0;1;9;5;2;3;0;0
04;베드나렉;수비수;0;0;0;9;1;1;2;0;0
04;스티븐스;수비수;0;0;0;5;1;0;1;1;1
04;브리;수비수;0;0;0;1;0;0;0;0;0
04;테일러;수비수;0;0;0;5;0;0;1;0;0
04;워커 피터스;수비수;0;1;1;7;8;3;1;0;0
05;플레켄;골키퍼;0;0;0;9;0;0;0;0;0
05;음뵈모;공격수;8;0;8;9;20;12;2;0;5
05;담스고르;공격수;0;3;3;9;7;4;0;0;0
05;샤데;공격수;0;0;0;9;8;4;0;0;4
05;루이스 포터;공격수;0;1;1;9;8;5;1;0;2
05;위사;미드필더;4;1;5;6;11;7;1;0;1
05;뇌르고르;미드필더;1;0;1;7;10;3;2;0;0
05;카르발류;미드필더;1;1;2;9;6;2;0;0;1
05;트레빗;미드필더;0;0;0;1;0;0;0;0;0
05;옌센;미드필더;0;1;1;4;2;0;1;0;0
05;야넬트;미드필더;0;1;1;9;3;1;1;0;0
05;야르몰류크;미드필더;0;0;0;5;2;1;1;0;0
05;코나크;미드필더;0;0;0;3;1;0;0;0;0
05;요가네;미드필더;0;0;0;0;0;0;0;0;0
05;핀녹;수비수;2;0;2;9;6;3;1;0;0
05;콜린스;수비수;1;0;1;9;7;6;1;0;1
05;김지수;수비수;0;0;0;0;0;0;0;0;0
05;로에르슬레프;수비수;0;0;0;8;1;0;0;0;0
05;미;수비수;0;0;0;1;0;0;0;0;0
05;판 덴 베르흐;수비수;0;0;0;7;4;1;0;0;0
05;아예르;수비수;0;0;0;8;1;1;3;0;1
06;바스케즈;골키퍼;0;0;0;9;0;0;2;0;0
06;콜롬보;공격수;2;1;3;9;10;3;1;0;2
06;에스포지토;공격수;2;0;2;8;13;6;0;0;3
06;기야시;공격수;2;0;2;9;6;4;2;0;1
06;에콩;공격수;0;0;0;7;2;0;0;0;0
06;코네이트;공격수;0;0;0;1;0;0;0;0;0
06;페예그리;공격수;0;0;0;5;1;0;2;0;0
06;하스;미드필더;0;0;0;8;0;0;1;0;0
06;헨더슨;미드필더;0;0;0;9;3;0;1;0;0
06;그라시;미드필더;0;0;0;7;0;0;3;0;0
06;솔바켄;미드필더;0;0;0;8;1;1;1;0;0
06;말레;미드필더;0;0;0;5;1;0;1;0;0
06;파치니;미드필더;0;0;0;6;5;2;1;0;0
06;안조린;미드필더;0;1;1;6;4;0;1;0;0
06;카카체;수비수;0;0;0;5;2;0;1;0;0
06;데 실리오;수비수;0;0;0;2;0;0;0;0;0
06;비티;수비수;0;0;0;9;3;1;0;0;0
06;고글리치제;수비수;0;0;0;7;0;0;0;0;0
06;이스마일리;수비수;0;0;0;9;2;0;1;0;0
06;페젤라;수비수;0;2;2;9;5;2;2;0;1
07;요로넨;골키퍼;0;0;0;7;0;0;0;0;0
07;스탄코비치;골키퍼;0;0;0;2;0;0;0;0;0
07;포흐얀팔로;공격수;2;0;2;7;7;4;0;0;1
07;엘레르트손;공격수;1;1;2;8;7;2;0;0;0
07;카비글리아;공격수;0;1;1;7;7;2;0;0;0
07;라이몬도;공격수;0;0;0;7;3;2;0;0;0
07;기트키어;공격수;0;0;0;8;1;0;0;0;1
07;오리스타니오;미드필더;1;1;2;9;9;5;1;0;1
07;코포에드 안데르센;미드필더;1;1;2;6;4;1;0;0;0
07;부시오;미드필더;1;0;1;6;6;2;2;0;0
07;크르니고이;미드필더;0;0;0;3;0;0;0;0;0
07;엘 하다드;미드필더;0;0;0;2;0;0;0;0;0
07;던칸;미드필더;0;0;0;6;2;0;1;0;0
07;돔비아;미드필더;0;0;0;6;1;0;0;0;0
07;예보아;미드필더;0;1;1;5;1;0;1;0;1
07;스보보다;수비수;1;0;1;9;3;3;1;0;0
07;합스;수비수;0;0;0;6;7;1;1;0;1
07;사그라도;수비수;0;0;0;2;1;0;1;0;0
07;스베르코;수비수;0;0;0;5;1;0;0;0;0
07;칸델라;수비수;0;1;1;7;3;1;1;0;0
07;이제스;수비수;0;0;0;8;2;0;1;0;0
07;알타레;수비수;0;0;0;4;0;0;1;0;0
07;슈잉티엔;수비수;0;0;0;1;0;0;1;0;0
07;잠파노;수비수;0;0;0;9;1;0;2;0;3
07;카르보니;수비수;0;0;0;1;0;0;0;0;0
08;페르브뤼헌;골키퍼;0;0;0;7;0;0;2;0;0
08;스틸;골키퍼;0;0;0;2;0;0;0;0;0
08;웰벡;공격수;6;1;7;9;21;10;1;0;1
08;루터;공격수;2;3;5;8;17;3;1;0;2
08;주앙 페드루;공격수;2;0;2;4;6;3;1;0;0
08;아딩그라;공격수;1;1;2;5;3;1;0;0;0
08;민테;공격수;1;1;2;7;6;3;2;0;1
08;퍼거슨;공격수;1;0;1;5;2;1;0;0;0
08;그루다;공격수;0;0;0;2;0;0;0;0;0
08;엔시소;공격수;0;0;0;7;5;3;0;0;0
08;미토마;미드필더;1;2;3;9;20;8;0;0;2
08;하인셀우드;미드필더;1;0;1;8;6;2;2;0;0
08;발레바;미드필더;1;1;2;8;12;5;1;0;0
08;비퍼르;미드필더;0;1;1;6;1;1;0;0;0
08;아야리;미드필더;0;0;0;7;5;1;1;0;1
08;밀너;미드필더;0;0;0;3;2;0;1;0;0
08;덩크;수비수;0;0;0;8;4;0;2;0;1
08;웹스터;수비수;0;0;0;3;0;0;0;0;0
08;반 헤케;수비수;0;1;1;7;1;0;1;0;0
08;펠트만;수비수;0;0;0;8;2;0;1;0;0
08;이고르 줄리우;수비수;0;0;0;4;1;0;2;0;0
08;램프티;수비수;0;1;1;1;0;0;0;0;0
08;카디오글루;수비수;0;0;0;5;1;0;0;0;1
08;에스투피냔;수비수;0;0;0;6;2;1;2;0;0
09;카메세치;골키퍼;0;0;0;8;0;0;0;0;0
09;루크먼;공격수;4;3;7;6;14;7;0;0;2
09;데 케텔라에르;공격수;2;2;4;9;8;6;0;0;1
09;레테기;공격수;10;1;11;9;25;12;1;0;2
09;브레시아니니;미드필더;2;0;2;6;5;4;0;0;0
09;데 룬;미드필더;2;0;2;9;2;2;3;0;1
09;사마르지치;미드필더;1;0;1;7;8;3;0;0;0
09;파샬리치;미드필더;1;1;2;9;4;1;1;0;0
09;에데르송;미드필더;1;2;3;9;5;3;3;0;0
09;자니올로;미드필더;0;1;1;5;1;0;1;0;0
09;발로비치;미드필더;0;1;1;2;0;0;0;0;0
09;만조니;미드필더;0;0;0;1;1;0;0;0;0
09;술레마나;미드필더;0;0;0;3;0;0;0;0;0
09;카사;미드필더;0;0;0;2;0;0;0;0;0
09;Steffanoni;미드필더;0;0;0;0;0;0;0;0;0
09;차파코스타;수비수;1;1;2;8;9;3;1;0;1
09;벨라노바;수비수;0;0;0;7;2;0;1;0;0
09;톨로이;수비수;0;0;0;1;1;0;0;0;0
09;팔레스트라;수비수;0;0;0;5;0;0;0;0;0
09;루게리;수비수;0;1;1;7;0;0;0;0;0
09;짐시티;수비수;0;0;0;8;1;0;1;0;0
09;고드프리;수비수;0;0;0;1;0;0;0;0;0
09;콜라시나츠;수비수;0;0;0;5;2;0;0;0;0
09;코수누;수비수;0;0;0;2;2;1;1;0;0
09;히엔;수비수;0;0;0;6;0;0;2;0;0
09;콰드라도;수비수;0;0;0;3;3;1;0;0;0
10;페린;골키퍼;0;0;0;2;0;0;0;0;0
10;디 그레고리오;골키퍼;0;0;0;7;0;0;0;0;0
10;블라호비치;공격수;6;0;6;9;28;10;0;0;5
10;일디즈;공격수;2;2;4;9;10;5;0;0;0
10;웨아;공격수;2;0;2;5;3;2;0;0;0
10;음방굴라;공격수;1;2;3;6;1;1;0;0;0
10;콘세이상;공격수;1;1;2;4;5;2;0;0;1
10;곤잘레스;공격수;0;0;0;4;0;0;0;0;0
10;안젤;공격수;0;0;0;1;0;0;0;0;0
10;캄비아소;미드필더;1;0;1;9;3;1;2;0;1
10;파지올리;미드필더;0;0;0;8;8;1;3;0;0
10;더글라스 루이즈;미드필더;0;0;0;7;3;1;1;0;0
10;로카텔리;미드필더;0;0;0;8;1;1;2;0;0
10;아드직;미드필더;0;0;0;1;1;1;0;0;0
10;맥케니;미드필더;0;2;2;5;0;0;1;0;0
10;튀랑 울리엔;미드필더;0;1;1;7;4;0;2;0;0
10;코프메이너르스;미드필더;0;1;1;5;2;0;0;0;1
10;사보나;수비수;1;0;1;8;3;3;2;0;1
10;브레메르;수비수;0;0;0;6;0;0;2;0;0
10;다닐루;수비수;0;0;0;5;0;0;1;0;0
10;로우히;수비수;0;0;0;2;0;0;0;0;0
10;가티;수비수;0;0;0;7;2;0;0;0;0
10;칼룰루;수비수;0;0;0;7;1;0;0;0;0
10;카발;수비수;0;0;0;5;3;0;0;0;1
11;마르티네즈;골키퍼;0;0;0;9;0;0;1;0;0
11;왓킨스;공격수;5;2;7;9;19;9;0;0;1
11;듀란;공격수;4;0;4;9;13;5;1;0;2
11;로저스;공격수;2;2;4;9;16;6;2;0;1
11;필로진;공격수;0;0;0;5;3;0;1;0;0
11;오나나;미드필더;2;0;2;8;6;3;3;0;0
11;바클리;미드필더;1;1;2;8;8;2;3;0;0
11;보가드;미드필더;0;0;0;2;0;0;1;0;0
11;베일리;미드필더;0;2;2;8;6;0;2;0;1
11;카마라;미드필더;0;0;0;1;0;0;0;0;0
11;부엔디아;미드필더;0;0;0;4;1;0;0;0;0
11;틸레만스;미드필더;0;3;3;9;8;2;2;0;0
11;램지;미드필더;0;2;2;8;7;3;1;0;1
11;맥긴;미드필더;0;0;0;7;4;0;2;0;1
11;콘사;수비수;1;0;1;8;4;2;0;0;0
11;실바;수비수;0;0;0;4;0;0;0;0;0
11;디뉴;수비수;0;2;2;9;5;2;3;0;1
11;캐시;수비수;0;0;0;5;1;0;1;0;0
11;마트센;수비수;0;0;0;8;0;0;0;0;1
11;네델리코비치;수비수;0;0;0;3;0;0;0;0;0
11;토레스;수비수;0;0;0;9;2;1;1;0;0
12;오나나;골키퍼;0;0;0;9;0;0;0;0;0
12;가르나초;공격수;2;1;3;9;21;9;1;0;1
12;호일룬;공격수;1;0;1;5;4;3;0;0;1
12;래시퍼드;공격수;1;1;2;9;8;6;1;0;4
12;지르크제이;공격수;1;1;2;9;10;7;1;0;1
12;안토니;공격수;0;0;0;2;2;1;0;0;0
12;디알로;미드필더;1;0;1;7;8;2;1;0;1
12;카제미루;미드필더;1;0;1;8;13;4;0;0;2
12;우가르테;미드필더;0;0;0;4;0;0;1;0;0
12;마운트;미드필더;0;0;0;3;2;2;2;0;0
12;페르난데스;미드필더;0;2;2;9;26;5;1;1;1
12;마이누;미드필더;0;0;0;7;4;0;4;0;1
12;에릭센;미드필더;0;0;0;7;2;0;2;0;0
12;콜리어;미드필더;0;0;0;1;0;0;0;0;0
12;더 리흐트;수비수;1;0;1;9;6;5;2;0;0
12;마즈라위;수비수;0;1;1;9;3;2;1;0;1
12;달롯;수비수;0;1;1;9;3;1;2;0;1
12;마르티네즈;수비수;0;0;0;8;7;2;3;0;0
12;린델로프;수비수;0;0;0;3;0;0;1;0;0
12;에반스;수비수;0;0;0;4;1;0;1;0;0
12;매과이어;수비수;0;0;0;5;0;0;3;0;0
13;포프;골키퍼;0;0;0;9;0;0;0;0;0
13;반스;공격수;3;1;4;9;15;5;0;0;1
13;고든;공격수;2;0;2;8;12;5;0;0;1
13;이사크;공격수;2;1;3;7;16;7;0;0;5
13;조엘린톤;공격수;1;0;1;9;11;3;4;0;2
13;오슬라;공격수;0;0;0;3;0;0;0;0;1
13;알미론;미드필더;0;0;0;5;4;1;0;0;0
13;기마랑이스;미드필더;0;1;1;9;10;2;2;0;0
13;토날리;미드필더;0;0;0;7;6;3;2;0;1
13;롱스탭;미드필더;0;0;0;8;1;0;2;0;0
13;머피;미드필더;0;2;2;9;5;3;1;0;2
13;윌록;미드필더;0;1;1;7;1;0;0;0;2
13;셰어;수비수;1;0;1;7;6;1;3;1;0
13;번;수비수;0;0;0;9;4;2;4;0;1
13;켈리;수비수;0;1;1;6;3;0;1;0;1
13;홀;수비수;0;1;1;9;0;0;3;0;0
13;리브라멘토;수비수;0;0;0;9;0;0;0;0;0
13;크라프트;수비수;0;0;0;3;0;0;0;0;0
13;트리피어;수비수;0;0;0;5;1;0;0;0;1
14;비카리오;골키퍼;0;0;0;9;0;0;1;0;0
14;존슨;공격수;3;1;4;9;27;7;2;0;3
14;손흥민;공격수;3;2;5;6;11;6;0;0;2
14;솔란케;공격수;2;1;3;7;12;7;0;0;3
14;무어;공격수;0;0;0;4;1;0;0;0;0
14;오도베르;공격수;0;0;0;3;5;0;0;0;0
14;베르너;공격수;0;1;1;7;5;2;0;0;1
14;히샬리송;공격수;0;0;0;4;1;0;1;0;0
14;쿨루셰프스키;미드필더;2;1;3;9;16;6;3;0;1
14;비수마;미드필더;2;0;2;6;2;2;2;0;0
14;매디슨;미드필더;2;3;5;9;16;9;2;0;0
14;벤탄쿠르;미드필더;0;0;0;8;4;1;3;0;0
14;베리발;미드필더;0;0;0;5;2;0;0;0;0
14;그레이;미드필더;0;0;0;4;0;0;0;0;0
14;사르;미드필더;0;2;2;9;7;2;1;0;0
14;로메로;수비수;1;0;1;9;9;4;0;0;1
14;포로;수비수;1;0;1;9;15;4;1;0;1
14;우도기;수비수;0;1;1;9;4;1;2;0;1
14;드라구신;수비수;0;0;0;2;1;0;0;0;0
14;판 더 펜;수비수;0;2;2;8;4;1;4;0;0
14;스펜스;수비수;0;0;0;3;0;0;1;0;0
